0.0063188686
1.6489888E-6
4.2091924E-4
4.864798E-4
1.2598609E-5
0.061441433
8.6620446E-8
0.040842272
1.5422867E-5
0.003655745
0.0045362767
4.552064E-7
0.021623226
3.687814E-7
0.0061612437
5.3412416E-5
0.0040061623
0.008888977
2.2074978E-8
2.9452867E-4
1.7998751E-7
0.055884313
3.0498876E-10
1.7822804E-6
6.3231564E-18
2.2779594E-5
5.8488154E-15
3.2504595E-8
0.0035281156
3.5431896E-7
6.354645E-4
2.2220613E-12
0.0021670877
0.017164387
9.450825E-15
0.032471675
1.6833979E-12
7.797754E-6
0.017677277
3.3861278E-10
0.0050233905
1.588032E-10
0.005502518
2.6322328E-7
2.0803151E-10
2.5346192E-11
3.1132974E-12
1.8468312E-11
6.304076E-11
0.03476174
1.8944137E-6
4.1173067E-7
1.4958601E-7
2.3319846E-10
2.7476716E-13
8.374013E-11
7.764471E-6
5.3464746E-6
7.062079E-7
0.029060995
1.2589106E-7
4.7518257E-11
1.3500647E-13
2.2408427E-12
1.7217873E-7
2.4037861E-5
0.00947916
1.6736856E-6
2.9083367E-7
6.2192605E-8
9.202767E-20
1.7922288E-12
4.3433477E-7
9.4101223E-4
0.0060980385
0.0
0.0
0.0
0.0
0.0
0.0
0.0
0.0
0.0
0.0
1.1981883E-4
2.6464834E-22
4.7905925E-18
2.3016722E-9
7.4088757E-9
3.851031E-16
1.4073568E-13
5.90364E-13
1.1946001E-11
3.5051553E-6
0.014488344
1.6535445E-11
1.8057595E-4
1.7479606E-7
6.0490085E-11
5.0953492E-8
7.72388E-11
3.1448113E-8
7.5175612E-6
1.05400555E-4
2.5210092E-8
8.9056476E-7
1.4763132E-4
3.3303544E-9
2.2942215E-6
0.002970527
1.894895E-9
4.6521136E-6
0.0060600154
1.20201795E-8
5.327552E-7
1.1545156E-6
1.1584237E-6
0.001185437
7.2723815E-5
1.2857231E-5
0.0011633699
1.0762534E-9
0.0036216115
0.0011876127
4.4908058E-5
5.7674093E-5
1.1889838E-5
0.002078456
3.7758227E-10
5.864308E-6
1.7018823E-5
0.001580455
0.0029976126
1.2374649E-7
0.007625377
3.5324657E-8
3.2908644E-4
5.9414306E-4
2.0686311E-4
0.028744942
3.7323034E-9
0.028172217
6.683331E-7
0.005018211
0.0040772627
6.025077E-6
0.0390806
0.019908084
1.5928192E-6
0.001900212
3.1881026E-11
1.3902932E-9
2.0941735E-9
1.5557992E-13
0.03135357
7.106443E-17
5.974968E-7
6.6645407E-7
1.158752E-9
5.950894E-15
8.320528E-10
5.736825E-11
1.1244262E-7
5.325363E-4
3.336728E-7
1.9805739E-7
1.1408433E-5
1.1431204E-10
2.6533775E-11
6.9010124E-11
2.1070328E-7
2.2606077E-6
6.821692E-6
0.0056200763
1.2729969E-8
1.0619378E-8
4.0760195E-17
3.3763272E-12
4.0542227E-7
1.350308E-4
0.0014776662
6.559361E-5
2.6552405E-7
4.3640853E-15
5.7108856E-24
4.93004E-13
1.470046E-6
0.001187181
2.4708867E-4
3.179684E-4
0.120554924
3.73131E-8
4.7746624E-7
1.1272417E-5
0.007922592
2.6439404E-4
5.460088E-7
9.794418E-4
3.553947E-8
1.9979893E-4
0.0034383591
7.070856E-8
5.4806377E-9
5.843462E-11
2.844998E-13
0.0026852507
3.1489242E-6
4.3306636E-6
8.7406737E-4
5.107303E-11
5.968758E-7
2.8975332E-8
5.7687885E-6
3.5076326E-9
1.770399E-5
0.0015130867
1.0003355E-11
1.4536493E-14
3.5379664E-8
0.0046382453
4.3679127E-10
3.227611E-8
5.2974883E-8
5.497966E-8
3.711484E-12
5.6919534E-12
1.1913864E-6
1.460194E-4
0.0024578646
3.0630977E-11
6.1017275E-11
4.3300324E-6
9.9690005E-5
1.2950017E-10
1.3960062E-9
0.0031183893
3.546164E-6
2.6364618E-15
1.214431E-10
0.0023028846
8.126395E-5
1.3150553E-8
8.889235E-12
7.1289656E-7
8.436289E-8
1.985586E-10
2.3794897E-10
2.3956705E-5
0.013622733
3.673811E-7
4.939386E-18
5.4337255E-9
0.01336163
2.8735212E-7
8.052908E-6
1.958118E-7
2.4597972E-13
1.6948463E-5
1.6645628E-10
2.3838149E-7
0.003054827
1.2573751E-14
0.010075141
6.4414925E-11
0.0014138032
1.478807E-4
1.9334952E-6
4.1755987E-12
6.358542E-8
1.4787636E-15
0.019117307
8.7866985E-11
6.817816E-11
3.5582064E-4
2.7884067E-21
0.031732578
3.9761738E-7
4.4940043E-10
5.247802E-4
2.352461E-8
0.010633317
1.732908E-8
5.8132457E-7
0.0015248051
4.4575946E-17
0.0019380902
7.8411096E-5
7.400631E-5
1.0007003E-11
2.9242096E-7
3.701059E-6
0.009401775
2.1595336E-4
3.6720705E-6
7.516737E-6
2.4216422E-7
0.0053103245
7.4929585E-7
0.010266691
4.131715E-6
5.7079367E-5
3.3578692E-6
0.004315888
0.005593689
9.620899E-6
3.9031933E-4
1.1209302E-6
0.0020897004
7.553458E-6
0.004587679
9.30996E-5
5.9570095E-5
6.7114466E-5
2.3141126E-4
0.0025074375
9.2120164E-5
0.0021674917
7.0313786E-7
0.0016941588
1.8866544E-4
0.0035252331
7.136888E-4
7.422356E-5
0.001095146
2.3349021E-5
0.0024277337
9.929656E-5
0.004541388
