1.736899E-6
4.4821663E-6
1.3691798E-12
3.6032555E-12
1.0496036E-6
1.521542E-5
0.051371224
4.7538502E-5
9.873612E-6
2.6345374E-11
1.589983E-11
1.2755005E-4
4.9221766E-4
0.068513125
0.0021039334
6.420094E-5
1.6135457E-9
1.2030558E-12
0.04653337
6.473815E-7
0.069935285
0.96381366
0.98373026
0.9889471
0.8641668
0.8913894
0.7973121
0.9356676
0.9013246
0.8228833
0.9370088
0.85883015
0.9736061
0.9510321
0.8421148
1.0251343
0.8755444
1.0327351
0.94972676
0.83262694
0.9578082
0.7920577
0.50501084
0.0237004
1.3583466E-6
5.633667E-4
0.0031973035
7.199296E-4
2.5765918E-9
1.7929311E-7
0.018596726
0.0020034958
4.6206853E-5
5.128396E-5
1.4584181E-4
1.9710578E-5
2.2525504E-5
0.0023222535
0.0064387093
3.637554E-6
2.0685133E-5
5.4506986E-6
3.5467965E-5
1.561201E-5
1.2454671E-5
5.5089477E-4
0.005509221
0.0022275844
4.1488292E-8
1.5555137E-5
3.3923125E-10
2.5320926E-6
8.119317E-6
0.004766327
0.13213682
0.0
0.0
0.0
0.0
0.0
0.0
0.0
0.0
0.0
0.0
0.8361649
0.96093404
0.8702657
0.8433578
0.8254869
0.86131066
0.84261316
0.84517175
0.841043
0.8991153
0.7949942
1.2206742E-13
4.2210355E-14
1.5973374E-15
5.090071E-6
5.8331034E-10
1.3233227E-11
0.0019325529
1.4026651E-6
2.3107306E-11
2.50941E-6
1.35771465E-8
6.5947264E-18
2.0364495E-10
1.864803E-4
1.012554E-9
6.487436E-8
1.07799795E-4
3.834626E-12
3.3431091E-9
1.2484756E-4
5.404166E-4
0.0013923444
0.01710353
7.754125E-9
1.446575E-6
1.2888043E-15
0.0041514966
2.9464281E-5
0.05166558
0.0062628984
3.7579747E-7
2.8864626E-4
1.2222685E-20
0.02237361
7.592551E-7
0.028535085
6.4747E-4
2.5168598E-5
0.013017128
4.8560743E-13
0.031765934
2.731948E-7
0.004022295
0.0026429973
2.5153826E-10
0.016538471
1.9024354E-6
0.017745301
5.5756027E-6
3.6159836E-8
0.009624273
9.970608E-13
0.10480001
0.933941
0.9827347
0.880288
0.95859873
0.97109973
0.8445016
0.85615826
0.8016683
0.888835
0.9312478
0.3980486
0.0011585385
0.008572366
3.172362E-4
6.032549E-5
1.7093236E-5
0.009394541
5.214477E-4
2.9701306E-4
1.4251845E-4
5.5398536E-4
4.3622847E-5
3.217487E-5
0.003896744
0.02130761
4.2946023E-5
1.8786245E-8
1.997201E-5
3.5641228E-6
2.4841922E-5
2.189389E-5
0.0054842513
0.010119018
0.001503849
1.9442618E-7
3.8561507E-7
8.1092306E-11
1.6361692E-7
6.624714E-7
0.0036482555
0.017671831
4.800674E-4
2.693185E-8
0.024370372
8.168949E-8
0.06454392
3.305284E-8
1.8174341E-9
8.604936E-6
6.033213E-9
0.070114784
9.4028765E-6
3.8924467E-4
0.8431836
1.0272288
0.96948934
0.8826067
0.913089
0.86516404
0.86412305
0.8923913
0.8286759
0.9630485
0.97205806
1.0119114
0.9744384
0.97053707
1.0015597
1.0297406
0.93426746
0.93015945
0.94178396
0.90740985
0.91191155
0.9089521
0.9231949
0.89326084
0.85770625
1.0029976
0.99583775
1.0322056
0.90031666
1.0154232
1.0371456
1.011833
0.92914665
0.93440646
0.93882155
0.8489805
0.7053551
0.80832815
0.8907395
0.8735399
0.8542727
0.8294047
0.8782803
0.8891414
0.8404738
0.5830232
0.8788174
0.80462825
0.79112804
0.40349266
0.7061242
0.6049596
0.6328223
7.2040325E-9
4.421235E-8
4.7133875E-9
0.0016346327
2.02592E-6
3.7982013E-12
3.4668783E-4
3.4494146E-8
0.0010201916
0.014449373
0.0020837386
1.141747
1.0015373
0.89608777
0.95443213
0.9004814
0.8805925
0.8515754
0.79988223
0.91579586
0.7928558
0.9937864
0.9635114
0.8957096
1.0664539
0.90963966
1.0602341
0.94773066
0.86180127
1.0069983
0.74370795
0.7298005
0.0043685418
0.0020272953
2.771882E-10
0.005236658
9.718593E-4
1.2370052E-5
7.589176E-4
0.002910854
0.009040641
0.0033065765
7.804178E-5
7.6027535E-4
3.7977658E-4
1.4188244E-4
0.011570232
0.001652644
0.0031443494
4.6814975E-4
8.6784107E-4
0.0069700684
6.5692124E-4
0.0011757556
0.0010251103
1.7944544E-4
8.9149264E-4
0.010825478
0.0038155285
0.005808695
1.4357737E-4
4.6032685E-4
0.003364559
3.1644432E-4
0.004436748
4.123094E-4
0.0011980163
0.0026557716
0.007423189
0.00648315
0.0069377464
5.1339914E-4
1.2577334E-4
0.0012410247
