0.04786397
4.1401744E-4
1.9519183E-7
3.6662357E-7
0.0014112613
0.0015190261
0.040766012
0.0032845638
8.88509E-4
6.444645E-7
1.7790844E-6
0.004070179
6.979264E-4
0.04594223
7.6582417E-4
0.00167284
9.890091E-6
2.49128E-7
0.03939429
5.415663E-4
0.06314733
7.0598384E-4
1.3267806E-8
8.3726784E-4
2.1641927E-8
4.288174E-5
1.792315E-6
5.7157275E-4
6.0402897E-5
0.001935664
0.0016966385
1.3076593E-4
0.0020243065
9.4991096E-4
1.3060901E-4
0.00668343
2.0512853E-4
0.0070857434
8.0363126E-4
0.057207108
0.020401994
5.9977925E-4
0.18810984
0.009790623
2.7498546E-9
1.2280876E-6
0.005430515
5.6858006E-4
5.938119E-9
1.7369203E-8
0.018426988
3.263743E-4
2.452581E-5
2.071469E-4
1.0017268E-5
9.450662E-5
3.268152E-6
0.0038872939
0.019851135
2.029055E-6
2.3960608E-6
2.5409507E-5
2.4506295E-4
1.358037E-6
7.4778717E-7
0.002564795
3.910107E-4
4.596685E-4
8.0118273E-10
1.0442045E-6
3.1244856E-15
3.8470493E-9
7.8698105E-7
1.3769977E-4
0.001512374
0.0
0.0
0.0
0.0
0.0
0.0
0.0
0.0
0.0
0.0
0.0014623366
2.0585023E-7
1.7523964E-5
3.7246955E-5
5.162882E-5
2.4778536E-4
4.8373576E-4
0.0024743732
0.0036573838
0.0011454639
0.012416552
4.535398E-12
2.4665985E-12
1.4635933E-14
3.264436E-5
3.5135062E-9
7.8213E-14
2.4246435E-4
4.014954E-6
2.663659E-12
2.3898701E-6
3.7593418E-7
2.0277408E-16
2.9929545E-10
3.0928152E-4
2.6559385E-10
1.5431093E-8
4.557256E-5
1.3427894E-10
7.168907E-10
3.8109793E-4
1.2641411E-11
0.1491791
0.022965271
1.2521104E-4
4.3912452E-5
3.0070495E-9
0.009970827
0.0010793986
0.049515743
6.6242367E-4
6.6623565E-5
7.019114E-4
4.4233994E-10
0.02939819
8.9865417E-4
0.022929471
0.0065813162
1.8519793E-4
0.016912118
1.4739063E-8
0.031383052
3.3708412E-4
0.0047396547
0.008785603
1.1102042E-6
0.03730843
2.842089E-5
0.024612261
7.665654E-4
4.4818467E-4
0.018649286
3.3705936E-7
0.09927164
2.0371542E-7
1.2277916E-5
1.4794612E-7
7.3757333E-6
2.1796057E-5
7.123621E-8
0.0021659958
2.0555848E-4
2.0396827E-4
0.0025443851
0.025673812
1.337774E-5
0.0061779353
2.6200936E-4
6.111149E-6
2.17914E-6
0.011166115
7.5626835E-5
1.0825346E-4
2.1876926E-4
0.0013800687
4.466067E-5
1.4012583E-5
0.003048467
0.0076445453
4.8530994E-5
1.024011E-9
1.2958213E-4
6.273315E-7
1.6689959E-6
3.8349135E-6
0.005840626
0.0037871571
6.619093E-8
5.6469585E-10
8.064569E-9
1.3033961E-11
2.100819E-10
9.614821E-9
2.8366252E-4
0.0047092573
2.7384347E-5
0.00636648
0.016608184
0.0029969485
0.027159836
9.601286E-5
4.085227E-6
3.9813382E-4
9.946643E-7
0.03448047
8.9407986E-4
0.0017032105
3.7845716E-6
1.3237645E-6
5.866387E-6
1.3356864E-6
8.234082E-4
0.0048252093
0.011974728
0.038514487
1.1267375E-4
3.2400727E-4
3.1246766E-4
6.377375E-4
0.0011240841
0.0032823933
0.004144694
0.02063004
0.009742665
0.026576119
0.0015261513
0.0030269055
0.025812631
0.00373804
0.009280761
0.0019378491
0.045425706
0.01067035
0.025727486
0.0070219827
0.07478768
0.0033991311
0.04703831
0.0032115867
0.05231769
0.003953461
0.006007144
0.108109124
0.118094854
0.08189273
0.029495213
0.055008713
0.037633386
0.062171355
0.082928166
0.07805695
0.05039474
0.32869172
0.03682436
0.14412215
0.10924001
0.3270381
0.050264932
0.18508306
0.082802005
1.03695015E-7
2.3922175E-7
2.470578E-11
5.1724294E-7
1.01323515E-7
2.1677644E-13
1.3616855E-7
3.9779666E-10
4.105734E-7
3.9406314E-7
0.010201837
8.805207E-6
2.058678E-6
1.1748109E-6
7.517104E-4
1.8099229E-7
1.5740225E-4
4.8072447E-4
1.389123E-4
0.0018663356
2.9920195E-6
0.0022808071
0.0032955206
0.0044859885
0.012611697
0.004194747
0.0022474353
0.019426873
0.0047570528
0.0100102555
2.4607754E-4
0.0042777085
0.023651367
0.0010409671
6.13363E-9
0.0035736433
9.837899E-4
8.136551E-7
6.4384767E-6
0.002058447
0.0035242918
1.6612781E-4
3.5418032E-6
8.476457E-4
4.7309702E-5
1.5627638E-4
0.0031155564
7.604331E-4
2.916701E-4
1.1050922E-5
3.150192E-4
0.0019214398
8.8435446E-4
5.2190924E-5
5.031192E-4
1.3843763E-5
6.394369E-4
0.0021710992
0.0012230516
0.0017950755
6.4046326E-6
0.001072407
2.851367E-4
8.497797E-4
5.396511E-4
8.209017E-4
1.6112642E-4
0.0011546941
0.0034050539
0.0019588924
0.004118755
9.155633E-5
2.6878942E-4
1.534537E-4
