0.7418303
0.9869474
0.9181687
0.8820579
0.95472986
0.84619284
0.77045256
0.8950725
0.87869215
0.9226061
0.9460645
0.95922625
1.0071189
0.8274368
0.9967232
0.99347275
0.95208615
0.8263891
0.8058798
0.840364
0.62111366
0.20417611
2.2113015E-13
3.8534086E-8
1.1841813E-17
1.4710267E-7
1.0137676E-17
2.5874894E-7
6.7315054E-10
4.7940557E-10
2.1267428E-4
4.987575E-15
1.019136E-5
5.41633E-11
1.9239654E-17
3.6703207E-7
8.4311207E-22
3.1662734E-5
6.373193E-12
3.1284923E-12
1.1424661E-4
9.494265E-21
0.02989003
0.023502238
1.1444304E-10
8.360394E-7
7.1291416E-4
7.6281426E-6
3.1853825E-12
1.3408585E-7
0.037245456
0.0013705721
9.013419E-6
4.320102E-6
1.0008308E-4
1.6313334E-6
2.1936905E-6
0.0038822414
0.023472205
1.20951845E-5
8.8367113E-7
1.4668969E-7
2.636772E-5
1.00067524E-7
7.776688E-7
0.0021879098
9.9993675E-5
7.800668E-5
5.0667218E-12
2.8859907E-7
5.9671875E-13
2.5062127E-12
7.723062E-7
4.6601355E-7
0.0060780873
0.0
0.0
0.0
0.0
0.0
0.0
0.0
0.0
0.0
0.0
0.049441036
4.7952695E-13
8.49671E-13
2.4712394E-13
3.6767518E-13
2.8196797E-13
2.2379302E-13
4.9427337E-14
8.19836E-13
7.371841E-15
0.03981388
4.8368443E-6
3.0298533E-10
1.7641116E-14
4.2986753E-4
2.1748288E-7
6.1584488E-15
4.8340336E-4
1.4284313E-5
1.4082542E-14
9.090627E-6
6.219536E-6
3.057894E-15
6.8538077E-9
0.0023246023
2.6524968E-10
6.834188E-11
1.5762394E-4
1.9493405E-9
1.1604826E-12
0.0010430729
1.1584464E-10
0.94129646
0.96617186
0.97641367
0.85853475
0.84783524
0.7992336
0.9563078
0.79165876
0.8442068
0.955442
0.8312954
0.85530716
0.75807124
0.9644555
0.8975447
1.0058717
1.0143671
0.7622285
0.8235198
0.5780699
0.8286604
0.80360997
0.76702064
0.77701783
0.5202477
0.85367495
0.6821061
0.82296795
0.8204979
0.7258056
0.79145813
0.6574227
2.0608109E-8
3.415356E-7
3.003512E-16
1.0206105E-7
1.9172743E-5
1.21532535E-17
1.7099802E-7
1.4716049E-16
1.17706314E-7
8.893096E-6
3.7993307E-4
1.0647243E-7
0.013173162
1.4847266E-6
1.1686142E-6
7.644181E-5
0.047097266
0.0030416122
1.2801429E-4
2.4748163E-6
0.001137778
2.4307724E-6
1.2215232E-5
0.0033939118
0.02370333
1.3866118E-4
6.0403145E-12
1.834341E-5
9.2487895E-8
1.367905E-7
3.181391E-7
0.004171171
1.3858575E-4
5.2080296E-10
1.729834E-11
2.432291E-12
3.791173E-13
3.709614E-14
5.30325E-10
4.804152E-7
1.6526234E-5
1.606212E-7
0.67172515
1.0072453
0.9825806
0.79321146
0.9563379
0.9344173
0.89111745
0.931103
0.71046686
0.9378894
0.80742955
0.104350254
4.6834017E-9
1.0823205E-5
4.8889504E-11
0.00951011
1.13759214E-7
3.249813E-7
0.0011055722
2.350463E-9
5.0758787E-5
6.8287873E-6
7.061048E-11
1.3469584E-10
1.770456E-13
9.3400297E-7
0.0020151548
2.148162E-12
3.034966E-4
5.788546E-10
1.0364407E-13
7.8322446E-11
1.7208918E-11
0.0028147725
2.1074415E-7
5.345871E-13
1.477342E-4
1.7436896E-8
4.5436183E-5
4.862539E-13
2.5825747E-8
0.0031182696
2.3139015E-11
2.9066081E-12
7.123383E-13
1.5327332E-10
1.0381133E-4
3.1780186E-11
2.1089632E-7
1.0319974E-4
5.6894214E-6
1.0723768E-7
2.820118E-11
2.748416E-5
1.1300664E-4
1.7500399E-9
1.5063452E-11
4.029147E-6
1.2076536E-5
2.295914E-6
4.486756E-19
5.1334596E-6
1.0030116E-6
6.7473297E-12
9.167482E-7
7.755138E-5
6.1138007E-16
7.504553E-8
7.334984E-8
7.755131E-14
3.169991E-6
2.0149604E-10
2.7364038E-13
2.8174965E-9
4.136111E-4
0.03512013
4.0275876E-9
6.704486E-14
3.8273232E-5
2.2333513E-14
8.129423E-9
1.1435778E-10
2.293218E-16
6.406335E-5
9.578285E-18
1.3756702E-8
2.8466756E-8
3.5764558E-13
6.173272E-4
4.846841E-13
8.948981E-7
3.2210423E-9
3.584384E-17
3.3528608E-4
1.3273425E-18
0.014441188
0.01020222
1.5662398E-6
3.7687553E-12
7.3671445E-6
0.0013225357
9.555237E-9
2.8064135E-9
0.002145215
3.918631E-4
5.9303545E-7
2.0834179E-9
0.0015286573
4.2380887E-7
3.2615972E-6
2.2456491E-4
6.232598E-4
5.6464364E-6
2.5107074E-8
2.874572E-4
1.3972029E-4
9.522195E-5
2.0684362E-7
4.9936178E-5
2.8792314E-7
4.984692E-5
8.48177E-4
6.598277E-4
1.8284091E-4
7.179297E-8
2.458587E-4
1.4115068E-5
4.4578683E-4
1.8936158E-5
9.648605E-4
1.1818652E-5
1.718669E-4
0.0018677602
8.6459593E-4
0.0015152292
3.125938E-6
7.688798E-4
9.3444605E-6
