0.0032830404
0.0029053923
0.028670326
0.021530146
0.02607298
0.040018287
2.509698E-4
0.008850681
0.0016375692
0.056250315
0.06319946
0.02431291
0.018215723
0.049625598
0.02319918
0.044496384
0.038687337
0.20766756
0.0018820923
0.03531925
0.043919206
0.008249349
1.2644005E-19
4.8813303E-10
1.8403845E-24
5.138494E-9
1.965385E-24
1.2727162E-8
6.597881E-14
6.6246306E-9
5.4501736E-4
1.6427656E-18
3.7136502E-5
2.6483463E-10
2.9864842E-20
2.4812127E-7
6.368415E-22
1.44731E-5
7.921076E-13
2.7510056E-12
3.029327E-4
7.1707665E-21
0.049493946
0.030118681
3.7499612E-10
2.29503E-6
0.0011151219
3.5038565E-7
3.3245813E-14
3.677218E-7
0.018947773
7.648463E-4
1.8456241E-6
2.794328E-7
1.6741587E-4
8.536483E-8
7.8034924E-7
8.824697E-4
0.015054932
6.20265E-5
9.421515E-10
2.4596352E-9
2.553591E-5
6.5926585E-8
2.3611233E-7
0.002636712
3.877198E-5
6.591892E-7
9.508309E-14
6.802116E-8
5.7068844E-10
4.003392E-12
1.1459875E-8
9.049007E-9
2.3702926E-6
0.0
0.0
0.0
0.0
0.0
0.0
0.0
0.0
0.0
0.0
0.09519361
1.6187863E-12
9.21255E-13
2.7010388E-10
8.5348596E-11
3.5497558E-12
3.683635E-14
1.3510118E-14
9.574907E-15
6.036928E-11
0.07383704
0.011378131
6.8222996E-9
6.9751436E-12
7.6278206E-4
2.4428775E-6
7.427146E-13
5.737891E-4
1.0191843E-4
4.70477E-10
1.9415565E-5
1.0075174E-4
2.2934288E-11
1.2995488E-8
0.003279102
3.0901866E-8
5.866629E-10
3.4982385E-4
2.3350118E-7
1.6372091E-10
0.0010463961
4.4887252E-5
1.1222483E-5
2.5461946E-4
0.016070133
0.0037320852
0.036142357
2.1675395E-4
0.0076673003
0.03449438
3.573876E-4
0.01697025
0.015118255
0.10770949
0.0026514912
0.02296262
0.0020671615
0.027747858
0.03392259
0.0030708308
0.057015713
0.015103303
0.042132407
0.0068649463
0.124128036
0.13437015
0.06699772
0.08733341
0.014542797
0.069561854
0.15851133
0.11209438
0.09032304
0.009298705
0.029126782
3.719307E-6
1.0280545E-19
1.5179871E-6
3.8317312E-4
1.2579539E-19
1.4375864E-8
7.772226E-15
1.3862665E-8
2.105511E-6
0.009880205
2.4833528E-7
0.017500015
5.732109E-8
9.740901E-8
1.6598083E-4
0.01778024
0.0019230989
3.994741E-5
2.9126896E-8
8.983132E-4
1.13244404E-7
4.1365347E-6
9.306622E-4
0.005857694
7.561275E-5
1.1856035E-13
4.432849E-6
4.828392E-7
8.431969E-8
5.8044737E-8
6.045956E-4
7.3804895E-6
1.5524264E-13
5.4728173E-13
3.0984675E-14
1.5648688E-12
1.0358032E-13
4.5702296E-12
3.7195527E-9
1.8993115E-8
4.5358897E-10
0.06421455
1.7962286E-4
0.0035181288
0.0016950177
0.004648053
0.021308169
0.0030192144
0.025482371
0.0013399054
0.0122547075
3.0169028E-4
0.08230439
2.9197147E-9
4.850586E-5
1.09895275E-8
0.0104841115
1.1165152E-7
2.8875755E-7
0.0010432734
6.291729E-7
2.3855257E-4
2.1241422E-5
1.4528498E-9
4.3153675E-10
1.0012086E-9
5.452228E-7
0.004348361
2.8713646E-11
2.5948195E-4
1.5043302E-8
2.1623667E-14
3.549469E-9
7.3146247E-13
0.002197665
2.749827E-6
1.6786275E-13
3.5503188E-5
2.961272E-11
2.3975934E-5
3.7557045E-13
8.8997446E-8
0.002465447
4.9503904E-12
8.045251E-12
4.819923E-14
1.9482902E-9
1.6705747E-4
6.6200374E-12
1.6478693E-7
1.0618105E-4
3.0594197E-10
3.3309964E-9
2.3515117E-14
2.0204283E-5
1.4950053E-4
1.8484254E-13
1.984965E-12
3.3504965E-9
3.5201635E-6
5.3862595E-7
1.8351881E-22
6.615689E-6
8.780002E-8
1.4839365E-16
4.7229766E-4
5.5157027E-5
1.3690263E-13
2.0631483E-6
6.230442E-8
2.0588762E-11
1.1317172E-4
5.032345E-11
2.006795E-12
4.8142727E-8
1.8848926E-4
0.003889742
1.9518458E-9
6.625957E-17
0.0011584947
2.4232291E-14
1.03976966E-10
2.570443E-11
7.3385127E-19
8.123362E-6
6.968515E-21
2.8115002E-7
1.6771526E-8
8.937103E-16
0.0021596453
9.788692E-12
4.3842553E-7
8.8716906E-10
6.1881604E-19
1.8644374E-4
1.3079435E-19
0.030747224
0.02199683
3.5609298E-7
3.173243E-16
1.3314366E-7
0.0044773193
2.1040904E-7
7.722495E-9
0.002777096
1.2209678E-4
6.9409287E-9
1.3403007E-8
0.0018838882
1.0134648E-6
1.8736108E-8
4.3142285E-5
0.0010127684
1.6403125E-6
3.9862043E-9
6.7144434E-4
4.8336587E-5
7.4948052E-6
1.0149398E-7
2.2348519E-4
2.790078E-7
5.9195627E-6
5.5107137E-4
7.6377945E-4
4.363734E-5
2.5979757E-8
8.360431E-4
4.8160337E-6
2.1978824E-4
3.574966E-6
0.0028355622
6.415652E-6
2.6963547E-5
0.0020545796
8.4317883E-4
5.8116176E-4
1.2380058E-6
0.0013578781
9.208782E-6
