0.09448732
2.5031131E-5
0.005722651
0.003325615
1.12387615E-5
5.8001856E-6
1.1496259E-7
6.6024304E-4
3.429676E-5
0.009091773
0.004314863
5.7138568E-5
0.002417732
1.6432065E-7
0.006208103
4.3508774E-4
0.0065223495
0.011624686
5.0492025E-7
0.025925327
5.2916874E-7
1.9658802E-4
1.8684192E-24
1.1476677E-13
4.487716E-27
8.380768E-12
1.5265093E-26
8.316267E-11
4.554983E-17
2.3597824E-8
6.6306646E-4
4.2658286E-20
6.3788084E-6
8.21578E-15
3.183852E-21
6.1892973E-7
8.86001E-25
3.248734E-5
7.9502115E-17
9.955967E-12
6.535143E-4
5.506408E-26
0.017458428
0.02953732
6.730423E-9
5.3715103E-5
0.0065598977
2.4827264E-7
1.670855E-17
2.1297894E-4
0.015484131
0.0016876068
2.8012139E-5
3.6824554E-6
0.0021386507
7.4908024E-7
9.086328E-7
0.0017795882
0.016372805
7.5091724E-4
8.985974E-11
1.2463821E-9
4.6133337E-4
3.8888177E-7
6.591625E-8
0.0023039992
4.9138896E-5
4.0178935E-10
4.4681024E-17
2.7965905E-9
4.2799062E-8
8.471305E-14
1.8578269E-11
2.7047059E-11
3.7332564E-9
0.0
0.0
0.0
0.0
0.0
0.0
0.0
0.0
0.0
0.0
0.16745497
3.9925396E-8
2.8934107E-8
5.107868E-7
3.3813578E-7
6.7466754E-10
9.335386E-13
3.3068112E-14
4.413213E-14
6.843487E-11
0.08411352
0.005207896
5.4121218E-5
4.0871782E-6
0.017968902
0.0021950228
8.069459E-7
0.008604769
0.008275604
4.1563853E-6
0.001988765
0.013744463
1.7113833E-6
1.9170377E-5
0.016623849
3.9541355E-5
1.2055997E-6
0.0040052715
3.9248387E-4
2.7273045E-6
0.017345382
0.07784495
7.424176E-8
6.8994304E-6
1.5726512E-4
1.2695759E-4
0.024669012
1.1459498E-6
0.005003294
1.9159529E-7
2.4723635E-5
0.005577963
4.5360135E-5
0.043954954
9.427282E-7
0.012473972
3.8903836E-5
5.2626405E-5
0.009894626
3.3168067E-6
0.034100503
7.6740633E-7
0.006095216
3.1446546E-4
1.680083E-5
0.03155319
3.8092205E-7
0.042236388
4.6963746E-6
3.2294512E-4
2.3620512E-4
8.5019965E-6
0.019072358
0.08642446
0.0010501767
6.554998E-5
3.0063582E-20
2.8897595E-5
0.0044705495
3.064634E-24
2.365297E-9
5.9099704E-12
3.0889723E-8
1.1093968E-5
0.017152378
8.499007E-7
0.017380645
1.2598328E-7
2.1561921E-7
0.0011173224
0.019863065
0.0042086234
1.4458512E-4
4.156141E-7
0.005127161
1.6118178E-6
1.8717416E-5
0.0029167528
0.0033395004
9.275934E-4
9.957219E-18
2.1939318E-6
8.199963E-5
4.2074723E-7
7.2480058E-9
1.1484479E-4
3.4272987E-6
1.7236866E-17
4.538983E-17
1.5285653E-13
2.5223731E-10
7.335423E-14
5.075323E-15
3.286742E-12
7.186219E-11
3.1371373E-14
8.966104E-4
6.4036607E-7
0.0020048672
1.7592343E-7
2.5429478E-4
0.004381083
1.1432658E-4
0.017268905
4.8119404E-8
0.0076132966
1.3021817E-6
0.014080467
4.5828838E-7
0.003930398
7.631486E-5
0.010967836
7.0743624E-8
6.441007E-7
0.0034907938
5.5900426E-4
0.0024591652
8.852391E-4
4.1904524E-9
5.6375865E-10
1.5179377E-12
1.970364E-7
0.008623837
3.2035754E-9
0.002254329
6.792095E-11
1.3797243E-16
2.7665353E-10
3.3669977E-13
0.004283158
1.45171225E-5
1.5750018E-12
1.5951964E-5
5.0675917E-16
2.4961797E-5
1.1123216E-12
6.750383E-8
0.0019439383
2.812918E-16
1.6498267E-15
9.924339E-19
1.1578126E-15
3.14255E-4
4.8527085E-12
3.0484193E-7
7.878356E-5
5.212631E-13
6.874585E-11
2.2645651E-20
7.688191E-6
4.5430445E-4
2.1195464E-17
3.7156172E-12
3.5950753E-11
2.9751668E-8
2.4259782E-7
1.3388558E-26
3.9740985E-6
6.4499397E-9
4.9921816E-23
0.15652256
1.4496285E-4
2.3089737E-10
1.6503845E-4
4.078049E-6
8.543003E-8
0.0017005962
5.9835252E-9
4.9643463E-9
1.013334E-5
0.002348337
2.165161E-4
4.0042005E-9
3.4802E-18
0.0011818882
2.2983876E-12
1.775828E-13
9.904459E-11
8.990041E-19
1.2049998E-6
7.074984E-21
5.194627E-7
6.334179E-8
9.087116E-16
0.001164976
5.362164E-12
4.7584166E-8
5.4152802E-9
4.5190008E-21
9.405682E-5
1.850869E-22
3.7872876E-4
0.005343355
7.61801E-7
2.7775308E-19
1.0096884E-6
0.0064593595
9.900575E-7
4.2032483E-10
0.004212659
3.7289417E-4
9.040863E-10
6.614177E-10
0.0037467403
6.9670244E-7
1.11818846E-10
1.3677737E-4
0.0015788964
5.9130423E-7
1.3963813E-10
9.1009744E-4
1.14455805E-4
2.3031618E-7
1.8560982E-9
3.3771782E-4
5.2533192E-8
4.16286E-8
4.4406948E-4
0.001183361
7.5895296E-6
1.7993856E-10
5.9279666E-4
3.9786623E-6
6.8740746E-6
9.741104E-7
0.0018712408
1.7309131E-6
5.252373E-6
0.0010779616
9.980632E-4
2.4791012E-4
3.4555967E-8
0.0014227275
1.9534796E-6
