0.005359591
1.918706E-5
0.015617066
0.013232777
8.1253845E-8
2.4375787E-10
3.8764925E-13
5.482436E-6
3.868622E-7
0.010330085
0.0055434066
1.12116304E-7
8.22388E-6
3.738346E-12
0.0055718645
2.4211675E-5
0.008810771
0.009444263
1.9353176E-10
3.668115E-4
5.225067E-13
2.045405E-15
5.5778605E-20
1.0121206E-15
7.3189455E-25
2.6707136E-13
1.6373392E-24
3.3905721E-12
9.1184675E-21
4.115582E-7
2.3545323E-4
3.2742983E-19
1.5992991E-7
5.9508393E-15
3.4110786E-20
6.64851E-7
2.8840952E-24
1.436311E-7
5.080077E-19
3.5478283E-9
3.2076536E-4
5.0138616E-26
0.13598156
0.029014425
1.3867578E-6
0.0036817584
0.009156012
5.714333E-6
8.381377E-15
2.2259954E-4
0.039288446
0.00281114
1.6282253E-4
0.0018461264
0.014521858
6.781221E-4
4.7916114E-6
0.0056483187
0.033074766
4.8814696E-4
3.3850651E-9
4.8528074E-7
0.007261325
1.8723286E-4
1.5218831E-6
0.0031594585
0.0065926947
7.638512E-9
5.400332E-15
2.7184717E-7
3.36069E-5
2.4030111E-8
2.3620747E-10
2.4172808E-9
2.7773062E-9
0.0
0.0
0.0
0.0
0.0
0.0
0.0
0.0
0.0
0.0
0.028002776
0.003017144
0.016804254
0.07599702
0.102882944
0.056114763
0.09311279
0.09806092
0.19533798
0.22065447
0.30317882
1.1650777
1.0662042
1.0936539
0.99464935
1.0708739
1.0400711
0.9832815
0.94170445
1.019498
1.1392902
1.1347525
1.3543835
1.1551188
1.0951254
0.9875438
1.1519886
1.1107988
1.0806018
1.062311
1.0449642
0.82725596
7.422452E-7
4.380851E-8
4.187312E-6
0.0016631354
0.035820253
3.0824916E-7
1.6040134E-4
3.408867E-13
5.0955978E-6
0.0011640512
2.4823504E-4
0.03732063
9.2149595E-9
9.792974E-4
4.3117595E-7
2.6782223E-7
0.0051620896
1.16285314E-7
0.025377236
7.534398E-9
9.366405E-5
1.7384137E-7
2.121423E-9
0.012294671
6.515055E-12
0.0153732095
8.383906E-8
5.616297E-8
2.333258E-8
4.7432774E-8
0.00963703
0.080434404
1.1409718E-5
8.688978E-6
1.3600361E-19
4.8364603E-7
0.0013273003
9.630892E-23
5.499027E-10
2.138556E-9
7.2430395E-11
2.3976947E-8
2.3182714E-4
0.004633962
0.019060923
3.508658E-5
8.863716E-7
3.8656493E-4
0.06638291
0.0013684577
7.2533934E-5
1.7606093E-4
0.015809888
2.6690916E-4
3.1184737E-4
0.005592649
0.030959487
0.0020715499
6.095234E-15
2.0242713E-5
0.0049970667
6.360912E-5
3.484505E-7
7.2034885E-4
2.6868432E-4
4.361242E-15
1.0561406E-16
1.5062265E-7
6.5884246E-6
6.759535E-8
3.7051313E-15
8.955159E-10
4.244123E-13
7.35868E-17
1.3222289E-4
2.4022166E-9
5.6050274E-5
8.273272E-12
1.4777829E-5
0.0064058756
6.658877E-5
0.0121834045
7.711009E-11
4.5029337E-5
1.8030973E-10
1.8797286E-7
3.1774907E-6
0.011365275
5.9160887E-4
0.0026163415
1.1287399E-7
1.0092368E-6
7.565724E-4
0.0014824374
0.007843824
0.0049372874
2.804556E-7
3.1765573E-8
1.780049E-8
8.5946203E-7
0.007769928
4.374466E-6
0.005409001
7.681377E-9
2.7932496E-12
1.426304E-7
2.5603396E-7
5.0162635E-4
4.8810613E-4
5.240498E-8
1.1995794E-5
2.5284234E-22
1.6693668E-4
7.452988E-9
5.811262E-6
0.0010513673
1.4559118E-10
1.4837776E-12
2.5465757E-16
2.7621552E-13
0.0011884494
1.119802E-9
2.0619188E-6
1.119747E-4
3.6380864E-19
1.7152201E-9
1.4644326E-17
2.0115281E-4
4.8825928E-4
6.8318083E-16
7.041077E-11
4.479475E-13
5.866388E-9
1.4973402E-7
6.479359E-21
6.3054875E-7
5.5312255E-11
5.3144537E-23
0.0032425877
0.0026213722
0.01023449
0.051399216
0.0051452396
0.00477066
0.081835344
0.030583985
0.016518561
0.105723925
0.059159543
2.5474936E-11
3.0113703E-10
9.565985E-17
4.672708E-4
6.4243138E-12
5.2869E-16
5.0841753E-10
4.4976937E-15
9.088746E-8
1.7395313E-20
6.852539E-8
4.364786E-8
1.6163205E-14
4.8351285E-4
9.218769E-12
2.8618086E-10
1.6583018E-8
1.2594926E-16
1.0931317E-5
4.7501512E-23
6.8861385E-7
0.0048693065
1.4283118E-4
1.3989731E-14
4.4838194E-4
0.007948663
6.9956254E-4
4.7218315E-8
0.005671147
0.0041152784
5.5278657E-9
3.7470457E-7
0.0032249722
5.9088125E-5
5.5350104E-12
0.0030204086
0.0025347334
5.23823E-6
2.9703788E-9
0.0016042894
0.0028349806
9.642002E-9
6.037063E-8
7.8813214E-4
4.78199E-7
1.9408513E-9
0.0027528289
0.0024790023
4.390642E-6
3.3313294E-10
9.7025314E-4
8.4134175E-5
5.269378E-7
1.2514731E-5
0.0020265994
3.8130506E-6
1.0539508E-6
0.0027422567
0.0028757267
6.820246E-5
7.8776713E-10
0.0016925298
2.6172622E-6
