1.6875001E-6
2.9748982E-8
0.026874222
0.021200765
2.3814323E-10
2.2055215E-16
1.7860992E-15
1.1706715E-7
9.309183E-10
0.012254566
0.0076829437
4.1394604E-10
7.141746E-9
3.8005715E-16
0.002003335
7.389792E-8
0.010441191
0.015949128
9.58644E-15
7.2154523E-7
2.279818E-17
0.032055855
3.8962052E-13
3.3252747E-17
3.3723885E-18
4.063177E-11
9.944957E-19
2.356553E-14
1.7877045E-20
5.756033E-4
0.0038104898
7.839987E-18
1.2745797E-8
1.0494297E-13
9.243871E-18
7.26634E-6
3.0411138E-21
2.6270655E-9
2.894207E-20
4.7422E-7
0.0031395801
2.3455667E-24
0.11283276
0.030805107
4.471688E-6
0.028168725
0.050283417
2.116697E-5
2.0926212E-10
6.534951E-6
0.070604965
0.014940286
2.8379827E-6
0.02015727
0.045027625
0.015307581
1.8962531E-7
0.01274201
0.07855609
2.0427276E-5
9.2425765E-9
8.857625E-5
0.04675881
0.016714199
4.427632E-7
0.009488092
4.332884E-4
6.629923E-11
8.294255E-11
5.998189E-6
0.014365535
1.5873004E-4
3.4170283E-10
5.0878324E-8
9.516631E-7
0.0
0.0
0.0
0.0
0.0
0.0
0.0
0.0
0.0
0.0
7.216801E-4
0.0012043178
0.00818289
0.008287538
0.016593585
0.013207939
0.045430098
0.03893964
0.048796296
0.12071088
0.0067585395
0.072372645
0.0072107306
0.012737168
0.01269347
0.009922429
0.03527157
0.021621712
0.029808665
0.099769555
0.025783964
0.19765551
0.12505876
0.01771147
0.019096073
0.5219167
0.11635697
0.19677804
0.15091835
0.07006027
0.16058218
0.08809982
1.2426707E-9
2.6375098E-9
7.485942E-11
0.0032320602
0.037931465
1.3128029E-9
1.9958941E-7
1.4254055E-14
6.9850574E-7
5.437895E-6
3.6195936E-4
0.03822497
6.4410547E-12
1.2522479E-7
3.7913464E-10
6.3798393E-9
0.0011111558
3.9690037E-10
0.015302357
7.58121E-12
3.8351786E-8
2.3514413E-11
4.6985683E-11
0.008277409
1.524903E-14
0.005358465
3.6636574E-10
4.3942565E-11
1.6738143E-10
4.9633736E-10
0.008297311
0.0025258742
0.019795595
0.0014733928
1.1521525E-15
5.1578727E-6
0.0047765756
2.1620219E-19
4.145442E-8
1.8965633E-5
1.427981E-12
3.7425646E-10
0.11085713
0.019641766
0.07589444
7.644288E-4
4.7272386E-9
1.3838274E-5
0.07417736
0.006179709
1.8010844E-6
0.0065657184
0.06201682
0.008893183
2.1880136E-5
0.0138544375
0.036482636
5.4488255E-6
3.5327594E-10
5.6576988E-5
0.024284754
0.003135438
8.7660794E-8
6.661149E-6
4.838712E-6
3.0425365E-10
2.7632822E-13
1.5085726E-4
4.6676604E-4
0.006047677
4.1820317E-16
1.8683888E-7
2.99986E-11
1.689721E-12
3.663123E-8
3.3453136E-11
1.5280412E-9
2.8154198E-15
9.475197E-6
0.008939738
1.0862037E-5
0.012528465
2.605847E-12
1.9207809E-8
7.608871E-4
9.90494E-13
7.268826E-5
0.041282997
0.016329197
0.0024446205
1.5544055E-4
3.2274408E-4
4.3154776E-4
0.015900228
0.03653499
0.017833123
3.113443E-4
4.737877E-5
8.031503E-6
1.7934578E-4
0.029011305
0.007131283
0.028974716
6.548441E-8
1.0459894E-6
6.925968E-6
0.0015671137
0.02626
0.019248335
6.57346E-5
2.1972203E-6
3.7506454E-13
4.999078E-4
4.3267994E-7
0.0013054709
0.0020829753
1.4131858E-7
7.213335E-10
9.596563E-12
3.3713804E-12
0.007786154
4.9531184E-7
6.817691E-6
4.237967E-5
4.799982E-16
2.5642357E-9
8.7667385E-15
0.0016070306
0.009345159
6.52202E-12
4.787182E-10
8.2587E-14
4.5352874E-10
2.4436584E-8
2.4100438E-16
5.125626E-6
2.2869174E-12
1.2164663E-15
4.9552E-4
2.4804021E-5
0.0067144767
0.0052377456
1.9932771E-4
2.8616373E-4
2.8666688E-4
0.0037937
0.0033510327
0.0013367953
0.018895881
1.2782791E-6
7.127818E-8
9.916415E-12
0.009287496
3.118725E-12
9.608925E-19
9.613522E-7
8.60935E-11
1.8698355E-6
1.7519361E-19
2.8338828E-8
3.523293E-8
4.346769E-12
0.005022476
1.6290566E-11
8.550729E-14
8.714925E-8
3.9792204E-13
6.369509E-6
6.4579164E-23
2.5461813E-7
0.0018334221
6.931103E-5
2.9324708E-14
1.631442E-4
0.009902801
8.1814284E-4
8.002282E-7
0.004089012
0.0020763557
3.7683398E-10
1.0622148E-7
0.0042352504
1.8781395E-5
9.862406E-15
0.0010574181
0.0042949743
6.7732515E-7
4.2508206E-9
0.0029563657
0.0014320574
8.1324704E-13
2.5114021E-8
0.0031278674
2.1494596E-8
4.1613094E-13
4.6265582E-4
0.0015859987
2.0421957E-8
1.1474839E-11
0.0016695949
2.6767746E-6
9.380112E-10
2.509E-7
0.0033038096
4.787998E-8
3.0727294E-9
0.0010195641
0.0017739085
1.5494872E-7
3.041864E-11
0.002445211
1.896137E-7
