2.4911847E-6
1.1827958E-6
0.020193595
0.010312682
2.7614666E-10
2.1477147E-19
3.2261308E-17
1.3325586E-10
4.6819353E-9
0.0071146116
0.0042868014
5.4153286E-11
1.6959122E-13
1.1402895E-18
2.3051562E-5
6.5036943E-7
0.0051948186
0.01090828
9.5680924E-18
3.124042E-9
1.7781546E-24
0.086939104
5.3976044E-15
6.8569257E-15
1.5369998E-19
6.139869E-22
2.2258916E-22
9.4852355E-14
1.3108494E-23
4.5998304E-4
2.625175E-4
3.6259892E-18
9.424734E-6
1.752143E-9
4.1291116E-23
1.4722835E-9
5.064393E-24
2.2636467E-8
2.3771124E-23
1.9395525E-6
2.5959866E-4
2.9208956E-25
0.07566561
0.13397668
0.021371445
0.04540606
0.040963035
0.0484575
0.008244379
0.07805155
0.027848251
0.013941281
0.021695498
0.021671925
0.04558662
0.01058031
0.047466
0.015486744
0.015705569
0.06875959
0.029324144
0.0032659224
0.019451832
0.00739419
0.027365819
0.026937883
0.021972125
0.027482195
0.0021614942
0.01719671
0.016306384
0.014490851
0.0027955913
0.0054477737
0.09872045
0.0
0.0
0.0
0.0
0.0
0.0
0.0
0.0
0.0
0.0
0.05785554
3.122884E-5
7.7132444E-4
2.436253E-6
6.092258E-7
0.0020517234
0.0076475316
0.004032666
0.0031031787
0.0018114258
2.0567406E-4
0.0026103752
5.1803813E-6
0.0042413278
1.8530364E-9
5.46876E-6
0.006820778
1.3400029E-7
2.5168568E-8
6.815413E-4
3.977734E-6
1.8119086E-7
0.0046813036
2.495142E-4
3.049243E-9
3.251458E-6
0.0024714042
4.972564E-7
1.5961657E-5
0.007436319
1.995726E-9
0.024725528
3.56473E-15
1.7772227E-15
1.8651981E-11
3.87525E-4
0.035531297
9.376285E-9
3.4459953E-7
2.5203438E-15
3.4130354E-10
2.3393118E-6
2.376154E-5
0.03831118
2.330527E-11
2.5669626E-8
6.358739E-17
1.9697347E-7
0.0014749111
3.656168E-9
0.016783256
4.2328792E-12
1.0167195E-12
2.998406E-18
5.122692E-9
0.003411321
2.0318129E-13
0.0042617214
1.0623338E-10
1.407829E-18
1.8012461E-16
4.949338E-10
0.001996857
0.03364757
0.019455872
2.3259476E-4
9.313336E-19
1.3524477E-5
0.015692348
4.6123223E-18
2.2007387E-11
3.917454E-7
2.8563744E-12
3.1793803E-9
0.16251934
0.022346267
0.03655817
0.015181457
0.06433642
0.07311895
0.047081225
0.05110338
0.07220464
0.0073927315
0.033657197
0.0153974965
0.028540535
0.02307622
0.013148912
0.04717966
0.005270807
0.05060912
0.06113869
0.018158395
0.015705416
0.0389242
0.03469328
0.0032707606
0.0031355082
0.005008363
0.015574363
0.012322847
7.770059E-4
0.007459282
0.0024810457
0.0010166657
9.3704775E-12
1.5400121E-12
2.1676649E-13
1.1458777E-20
7.7657314E-4
0.010936294
1.2623426E-4
0.014206135
1.9507971E-13
1.3180348E-14
0.007782455
0.08460652
0.09625008
0.028604072
0.06924745
0.1396991
0.05136832
0.062806055
0.16307348
0.07058088
0.033702232
0.039057974
0.046236016
0.023864748
0.027977576
0.052727632
0.06321934
0.0133624375
0.013887748
0.029602285
0.004515258
0.03066357
0.00813004
0.02527786
0.01361049
0.011602847
0.03186636
5.822365E-4
0.032329116
0.003999559
0.009983105
0.02552556
0.0019220682
0.0033383907
0.0017719835
0.0034174172
0.006935685
0.0023704395
0.0039627985
0.0065087243
6.506879E-4
0.0025794893
1.1089093E-4
4.8367213E-4
8.4841985E-4
6.475727E-5
7.2011106E-5
2.7841405E-5
1.4621997E-4
2.687049E-5
8.917461E-9
1.5476386E-6
6.3482225E-6
1.7360101E-8
0.30041718
5.8113635E-15
5.1372288E-5
8.607771E-13
5.850183E-9
6.538369E-9
7.4070385E-12
0.0015459419
1.1507031E-8
1.059194E-10
0.18278731
0.006295099
3.2119123E-9
6.0799035E-16
0.004664488
6.9527546E-6
5.3157332E-21
1.2477296E-8
3.2544437E-15
1.9125132E-8
5.6097656E-13
9.0281705E-5
8.831571E-9
1.1204682E-15
0.007897246
5.253901E-5
3.0917792E-13
2.1567266E-9
6.3353686E-16
4.382866E-8
1.2325439E-18
0.02884766
0.015420864
2.9567248E-4
1.9952025E-10
1.4983167E-4
0.013787993
0.0071011083
1.7756858E-4
0.008917432
0.0017784837
3.9833008E-8
9.0677095E-5
0.008851186
0.0011829782
7.10791E-13
6.0404825E-4
0.003613089
1.6077181E-4
1.2208653E-6
0.0036398103
6.786095E-4
3.4250393E-15
2.3587396E-7
0.0018374701
2.5628771E-5
1.3988162E-13
0.001106993
0.0025963753
3.95345E-7
1.8235286E-9
0.0014190275
1.1848992E-5
3.0615323E-16
1.8455988E-7
0.0017083642
2.327459E-6
3.1730144E-10
0.0022131572
0.0029070422
4.7184376E-8
4.3237827E-11
0.0011285844
1.3446008E-6
