9.7223936E-5
1.8432391E-7
5.676691E-5
5.5114356E-6
8.796684E-7
0.007047996
2.1063784E-8
0.016914876
1.683201E-6
1.0002736E-4
2.3313091E-4
6.163043E-8
0.011683924
4.2390074E-8
0.0055209366
4.341134E-6
2.1606962E-5
3.3803823E-4
3.6146826E-8
0.0035375035
6.13829E-8
2.7088364E-4
2.244562E-10
1.9556136E-8
1.3803327E-21
8.366876E-9
2.9841442E-16
9.44967E-10
1.8024397E-4
4.9720967E-7
5.546665E-6
1.1889735E-13
0.0010870529
0.005170344
5.3247157E-20
3.9335567E-4
2.7283622E-12
2.6504592E-8
0.008333882
2.4144153E-10
1.09430075E-4
3.618158E-11
0.04031739
1.8089588E-5
1.2652238E-8
8.634057E-10
5.7908704E-7
1.6354025E-9
1.031757E-12
0.0140077425
7.764024E-4
3.625522E-5
1.1731048E-6
1.6666524E-9
1.4953865E-7
1.5007349E-9
6.529729E-6
4.144905E-4
3.8270754E-4
0.009129924
2.624356E-8
5.959805E-11
2.8463086E-8
1.7619257E-9
9.445144E-7
1.2249485E-4
0.013664376
4.7127545E-5
3.2178613E-9
2.6788024E-8
2.1160254E-14
5.054181E-11
2.4229922E-7
0.0015874456
0.029006671
0.0
0.0
0.0
0.0
0.0
0.0
0.0
0.0
0.0
0.0
0.0013372774
1.3237613E-19
1.8065707E-16
4.299988E-10
6.039207E-10
4.7104735E-13
2.2465E-11
6.916379E-11
6.777153E-10
1.1025445E-4
0.10596431
1.4910016E-14
3.9866396E-8
2.1404746E-6
2.2509348E-18
1.1228569E-8
3.2027415E-8
3.6514465E-14
2.8767044E-11
0.0028798184
1.1115903E-9
6.0090847E-12
3.6625122E-4
1.3633653E-10
2.6831764E-11
0.0037946198
6.5429624E-8
1.3154251E-11
1.673068E-5
1.7795185E-6
2.7761769E-11
0.010965229
9.125971E-11
0.002143281
1.163587E-4
1.881544E-7
2.3119645E-4
9.186667E-10
0.006897142
1.250153E-5
6.7410074E-5
1.7055716E-4
3.8536015E-8
5.9051803E-5
7.934573E-11
6.9645396E-4
2.0232708E-5
3.2405485E-5
0.0018117102
9.003265E-9
0.001697216
4.6175688E-10
0.0011957467
9.048397E-4
3.838178E-6
0.00609165
5.82036E-9
0.004788849
8.133714E-9
0.0036400752
0.0024170922
1.5766152E-7
0.002894719
5.0823626E-5
0.0032440256
1.9231753E-4
3.2868565E-12
1.1369888E-6
1.7717024E-5
3.2215172E-15
2.1116188E-4
7.9248165E-14
9.184851E-9
4.328084E-10
6.9084217E-7
1.3015969E-10
2.5487521E-5
3.5573242E-10
1.763459E-7
0.0029166746
2.5491565E-4
1.9067235E-4
1.5828278E-5
6.016415E-10
3.3814754E-6
1.8892916E-9
7.741764E-7
6.1874074E-5
0.0037350792
0.008277652
2.1073591E-10
7.21415E-8
3.7068773E-12
1.1734496E-9
9.467823E-7
0.0010098697
0.013106771
1.6686789E-5
6.9328104E-10
7.0773113E-13
1.594601E-16
2.9854903E-11
6.7760794E-7
0.002006422
0.0021827617
8.2820705E-5
0.06583499
1.2532998E-7
1.7959875E-4
3.712099E-6
2.694191E-4
1.2912074E-4
9.38703E-8
4.012558E-4
2.4923552E-10
0.0039857626
1.2378993E-4
2.2798789E-10
3.3614572E-7
9.267496E-13
6.6999086E-13
4.334398E-4
1.33692E-5
3.7231812E-6
0.0013042266
9.197167E-13
6.5399144E-9
7.0993678E-9
7.434727E-7
5.133596E-8
1.0153222E-4
8.488686E-4
2.236414E-10
1.192284E-12
1.5314973E-10
0.005792439
3.7338382E-11
1.4013023E-6
1.2051645E-7
1.4791541E-9
4.809393E-14
2.4954533E-10
5.1959752E-8
6.3037185E-4
2.6034333E-5
1.737247E-9
1.7733334E-12
1.2451603E-6
1.4424466E-5
8.548663E-10
3.641387E-10
0.0014993188
5.438312E-7
1.7983561E-13
5.853835E-10
2.4121699E-4
9.249951E-5
2.4885859E-8
5.5578437E-12
4.9204875E-8
1.1265808E-8
2.683373E-11
2.1866235E-9
3.1561397E-6
0.003412283
2.0049155E-8
1.0274551E-15
4.4159165E-9
0.0025364442
3.4946535E-8
0.056821086
7.551361E-11
1.5574528E-18
3.0269248E-7
1.0688698E-12
8.151364E-11
4.6349873E-5
3.0996564E-14
0.01319162
1.9911876E-10
0.12721588
7.5633434E-5
1.6004475E-6
2.53488E-12
4.2469405E-6
2.3086342E-13
0.0017185498
6.586289E-11
1.11491545E-10
1.6635073E-7
1.1561872E-20
0.003340183
7.921941E-7
5.83559E-11
6.3778355E-4
6.794383E-8
1.3839491E-4
3.8402465E-8
2.736037E-7
1.3334084E-6
9.775951E-19
0.014775755
3.8183975E-5
4.5828483E-4
8.863915E-11
3.3199605E-5
2.0949827E-5
0.0037041623
7.6205237E-4
3.864843E-5
1.8747583E-4
8.087843E-6
0.003279232
2.3730252E-5
0.0027382623
6.010144E-5
4.8189444E-4
5.488785E-5
0.00218773
0.0029606717
1.6943424E-4
0.0013527288
8.4055755E-5
0.0019383839
1.4873134E-4
0.00235979
5.437739E-4
3.011709E-4
3.363534E-4
8.146552E-4
0.0028555417
1.0360245E-4
0.0013630763
7.162589E-5
0.0012769541
7.350494E-5
0.0010789173
0.0011519459
1.3521819E-4
4.0006812E-4
2.611234E-4
0.001438244
3.2373777E-5
5.132092E-4
