9.803941E-4
3.671016E-7
1.7527891E-6
6.121787E-8
1.5576339E-7
0.0038487979
2.9593872E-11
0.005502605
1.4992072E-7
3.035819E-6
8.9595085E-7
3.0628268E-8
0.013752768
8.10505E-11
6.431148E-4
2.081691E-7
1.0479479E-7
3.0287504E-7
6.8286353E-12
0.014085827
6.421434E-12
2.2105226E-6
8.338236E-9
4.3607318E-7
1.1190003E-17
3.600318E-7
7.200301E-15
3.3742957E-8
1.4444866E-4
4.2781594E-6
8.610351E-6
1.0231825E-11
0.0030608112
0.0010135157
4.952661E-18
2.9293323E-4
7.3475156E-13
1.3529957E-7
9.0736496E-5
9.902108E-9
3.821154E-5
4.822924E-12
6.8023877E-4
9.926791E-6
2.4996658E-10
4.2652698E-10
2.9192225E-4
6.8159522E-9
5.148048E-14
9.429954E-4
4.6185167E-5
6.065379E-6
1.0895164E-7
3.6147455E-8
7.3368943E-7
1.1123866E-8
2.079848E-7
4.727699E-5
1.3938397E-5
0.0015300578
1.2708108E-9
3.7991688E-10
2.4758701E-6
2.0960236E-9
5.2451234E-8
2.8917523E-6
0.012465368
7.3271326E-6
8.4136674E-13
8.334919E-10
7.4665316E-11
2.2000483E-10
6.820702E-9
2.730469E-4
0.04038116
0.0
0.0
0.0
0.0
0.0
0.0
0.0
0.0
0.0
0.0
0.033325624
3.431556E-11
3.9363585E-10
4.655932E-6
7.186799E-6
3.8493187E-8
4.6260724E-9
1.2638299E-9
8.40542E-9
3.4323308E-5
0.048199825
9.031951E-14
1.3514813E-7
4.5425145E-6
1.7590084E-13
7.6723524E-7
2.5764095E-6
5.0553024E-9
3.2772665E-9
0.0022082964
1.8253878E-7
1.8777736E-11
4.8727216E-4
3.5875234E-9
9.387128E-9
0.0025182029
1.5647378E-6
2.2533084E-9
1.5266802E-5
2.0274345E-5
3.1518712E-9
0.0075548273
1.0107041E-9
2.1891763E-4
2.3580771E-5
3.7821635E-9
5.6300087E-7
2.1368135E-10
0.0036509389
1.593107E-10
5.5265427E-6
3.133965E-5
4.1849268E-10
3.2919593E-7
1.4796697E-12
0.002254253
1.4330557E-7
3.4786005E-8
2.675703E-4
1.44992456E-11
5.0714116E-6
1.0075727E-12
0.0018202834
5.6757308E-5
7.027888E-10
4.530491E-4
8.214351E-13
5.093535E-4
5.47244E-12
0.0023020024
0.0024956532
2.7805015E-11
6.005346E-4
7.3952763E-4
7.3447816E-5
6.2254595E-4
4.311353E-12
1.722491E-5
0.0017153908
5.12339E-13
1.17714815E-4
1.262175E-11
2.2079401E-8
7.770075E-9
0.0013983669
5.1196564E-10
6.994749E-4
2.0164947E-9
7.4054576E-8
7.677642E-5
5.427519E-6
2.2261079E-6
4.4326734E-7
1.32178295E-8
2.4749147E-4
1.2778792E-8
7.799955E-8
1.0976728E-5
7.011854E-4
0.0016646348
1.5024395E-13
1.7727474E-7
1.8645044E-7
2.142501E-9
2.3285272E-8
1.708231E-4
0.009818379
6.4055655E-8
2.0143653E-14
4.459266E-11
4.2102224E-10
6.9749276E-11
3.738148E-10
1.7635825E-4
2.3428224E-4
7.037163E-7
9.273337E-7
5.060837E-9
0.0014740562
1.9687785E-9
7.047058E-7
4.3114915E-6
2.580698E-9
1.563002E-5
1.1962681E-11
0.005506586
1.353803E-7
1.3572539E-9
9.092548E-6
1.0162261E-8
5.0476183E-9
0.0055982713
1.908473E-6
4.7375738E-7
0.00583494
1.1098204E-8
1.6272615E-8
5.7937854E-7
6.329201E-8
3.6373883E-8
1.5667363E-5
2.759882E-5
3.4008448E-5
2.5792404E-10
2.485996E-8
0.005005447
1.7929735E-12
7.695184E-7
1.7123075E-7
6.981513E-9
2.5188942E-8
5.1615234E-10
6.504416E-8
3.1166044E-7
4.4816153E-7
1.1972642E-10
2.30863E-8
2.3009359E-6
1.2514039E-6
4.3217876E-10
4.9894876E-11
1.5564458E-4
5.154923E-7
8.5659146E-11
3.6229034E-7
5.9575166E-5
3.6956264E-6
2.0942696E-8
9.0636554E-11
4.024908E-7
1.7576195E-8
2.375754E-10
1.8590238E-10
6.7172687E-7
0.0010687979
4.6726817E-7
1.1210223E-16
3.396243E-7
2.2393413E-4
4.397644E-11
0.017802365
5.157918E-10
3.834305E-11
0.0020821458
2.3716172E-8
1.255363E-8
1.456452E-4
3.626606E-9
1.344432E-4
1.2424796E-6
0.035292536
1.8784954E-6
2.2126205E-6
1.831638E-11
3.2577312E-4
2.349026E-10
3.559222E-5
1.029346E-9
3.6869244E-11
7.663938E-8
8.2648785E-16
0.013502036
6.004817E-7
1.44122145E-11
0.004249065
2.9478872E-6
2.8877317E-5
7.870734E-9
7.751357E-8
1.5161226E-7
1.0849122E-16
0.0013090528
2.6061816E-5
8.268238E-4
6.728982E-13
5.823029E-5
1.0781051E-5
0.005271839
5.1229727E-4
2.6608926E-5
1.6888874E-4
1.3176711E-6
0.0022913315
1.0672434E-5
0.0034517867
4.455245E-6
3.818966E-4
1.1989374E-5
0.0011607087
0.0013316447
1.9583205E-5
5.8848696E-4
1.0620604E-5
0.001173216
9.328733E-6
0.0012467847
1.13598355E-4
8.661937E-5
3.8352544E-5
2.5649637E-4
6.651745E-4
5.176607E-6
8.4268616E-4
7.020747E-5
5.865473E-4
2.3716236E-6
7.229297E-4
8.5009844E-4
3.0309504E-5
1.1845304E-4
2.9965944E-4
4.930827E-4
7.058933E-7
9.436966E-4
