0.067385614
1.008903E-5
5.6428127E-7
1.5402716E-8
5.9770065E-7
6.3012046E-4
3.8078203E-9
0.0015889021
4.953417E-7
2.5456318E-8
5.09501E-8
4.81863E-7
0.008398811
1.2336596E-10
0.0018412194
1.4910874E-7
1.8804092E-10
3.4840395E-9
1.3023084E-10
0.021653062
1.1468314E-13
0.001546292
3.8111388E-8
1.1375926E-7
1.981961E-13
6.4254226E-7
3.202096E-14
8.52276E-7
2.7378713E-8
5.439919E-6
0.0017173697
3.4221043E-11
3.089373E-4
1.4078637E-4
1.3660669E-12
0.0046073524
4.2173754E-14
4.7865044E-4
1.8628389E-5
2.5354124E-8
0.006734025
2.2800728E-12
5.633532E-4
2.5311968E-8
4.9991063E-11
1.1173031E-9
0.0082418285
9.705263E-6
2.4190226E-13
3.2160387E-5
1.8797847E-6
4.6572973E-7
4.171136E-9
8.1573364E-7
4.0803605E-4
1.5485184E-6
2.9823738E-8
2.788827E-6
6.713916E-7
4.4802246E-6
5.617641E-10
2.7897502E-7
4.6900124E-4
4.4161717E-7
8.695305E-8
3.1321354E-6
6.434562E-4
3.1269826E-6
2.0062812E-14
9.345666E-8
4.5712833E-11
6.795191E-8
3.6571465E-11
1.8647761E-5
0.025551932
0.0
0.0
0.0
0.0
0.0
0.0
0.0
0.0
0.0
0.0
0.8297413
0.9961241
0.97503006
0.9306296
0.9455912
0.9220671
0.86449766
0.8282585
0.86665535
0.831431
0.42981824
1.8480252E-9
5.3092316E-7
0.0022431833
1.2716485E-9
1.380193E-4
0.015835049
8.678009E-5
2.7304982E-6
0.017484609
7.2806564E-5
6.272627E-11
0.00792405
5.3685537E-5
3.8006883E-6
0.006007893
0.012549171
7.587047E-6
1.173523E-4
0.005927972
5.014445E-7
0.06310591
4.6242105E-5
4.610589E-5
4.2403344E-6
1.8295734E-7
3.3468723E-6
2.510778E-7
0.015804315
8.162818E-12
7.3487927E-6
4.3719678E-4
1.6263076E-8
2.4293927E-8
8.918493E-10
0.014302861
1.2511246E-8
1.7304998E-8
0.00326074
1.7615189E-9
1.2951008E-5
9.396337E-11
0.0014450677
6.8603476E-6
2.1190488E-10
3.9420466E-4
2.522639E-10
4.2603075E-4
7.517561E-11
3.8266666E-5
5.498389E-5
3.161736E-10
3.621497E-4
9.6660684E-4
5.7275035E-11
0.001349401
1.3356224E-10
4.7224505E-5
5.211566E-4
8.273996E-13
0.0021228523
3.21464E-8
1.1906025E-5
7.154591E-5
0.08437374
1.291936E-8
0.0062456205
1.2006551E-6
4.449762E-9
1.801973E-6
4.674564E-6
1.8682927E-7
1.2977901E-8
9.033337E-7
0.0047250204
1.1103492E-6
7.2812187E-9
2.5261699E-7
1.0690923E-4
1.3868962E-5
6.154706E-14
5.3302625E-5
3.4434197E-5
1.3219764E-6
1.04713024E-7
1.9959193E-4
0.008946661
3.2026026E-9
8.622031E-16
2.307891E-9
1.6953255E-8
8.089817E-9
1.2524248E-12
2.3430617E-5
6.8117415E-6
6.386247E-9
0.14909844
1.5675496E-5
0.030212982
5.076215E-11
6.110758E-7
4.291829E-5
4.603383E-7
2.2520202E-4
9.651288E-10
0.016427206
2.603672E-9
2.063134E-14
2.1922778E-4
7.830851E-6
7.202988E-6
0.0028327303
6.276657E-5
0.0020231002
5.657535E-4
1.13546696E-4
2.6057738E-5
1.747484E-5
4.7235508E-4
1.4159139E-6
3.0325347E-4
0.0036497007
7.360531E-4
1.2424545E-6
6.9178815E-4
9.238841E-4
1.4899879E-6
3.2037117E-6
1.1935115E-5
0.016690617
3.3928186E-4
5.787541E-8
0.0016673906
1.8782819E-7
0.0015878931
7.727818E-9
1.5983183E-4
0.008262383
2.106395E-6
6.490982E-8
7.02434E-8
8.1866165E-6
7.5359654E-4
7.5556187E-7
6.273775E-6
4.0885745E-4
2.3585356E-9
1.1335857E-6
8.0418133E-10
1.1695409E-4
0.003954495
1.9406992E-9
2.0275557E-9
7.15969E-8
4.221567E-6
3.7042564E-6
4.7032354E-11
1.7852404E-5
2.7248213E-6
3.5719292E-11
0.8422211
0.9871465
0.99668396
0.92036265
0.9717369
1.0057193
0.8760666
0.9411221
0.83755505
0.91100544
0.5241268
1.651202E-8
1.3183025E-5
3.1631227E-8
0.0010113231
5.373448E-8
9.39089E-5
1.8555919E-6
9.417741E-10
0.0011655827
7.0147055E-10
0.0013540157
4.838041E-6
5.4910956E-9
0.003644382
5.4610706E-7
8.825309E-4
2.0813418E-6
5.9156067E-9
0.0042613014
3.1346786E-11
3.7894398E-4
4.553242E-6
0.0019983952
3.546198E-11
7.689726E-4
2.5076345E-6
0.0013805954
1.3241668E-4
1.1784501E-5
4.4079786E-4
3.3301812E-6
3.1120534E-4
2.4696135E-5
5.263158E-4
1.8807137E-7
3.2785212E-4
7.6110355E-6
2.5306665E-4
7.770769E-5
7.5698417E-6
1.7990851E-4
1.8479452E-5
4.567331E-5
4.6226587E-6
1.3502045E-4
1.5298448E-5
4.348094E-4
8.69934E-5
1.5239624E-4
1.2754638E-5
2.4349847E-6
7.247114E-5
6.448649E-4
5.3099924E-5
7.321137E-7
8.861776E-5
9.746937E-5
3.6309793E-4
9.9713674E-5
6.6344667E-4
5.2480336E-5
7.988555E-8
5.9398793E-5
