1.2801158E-4
2.5649375E-11
1.3981495E-10
9.187145E-12
6.0830763E-12
0.017984051
2.0008373E-16
0.010791659
1.5081854E-11
3.4093534E-10
8.923776E-9
1.7871315E-13
0.01516559
2.8526022E-18
3.0654887E-4
7.233143E-11
2.3887356E-10
1.7420872E-7
4.337891E-15
0.009002185
9.316175E-18
2.664026E-6
9.090697E-8
6.709528E-6
2.5183748E-12
9.083967E-7
3.9828145E-12
5.7890365E-6
1.1946102E-4
6.433795E-8
1.6854914E-5
1.8696427E-9
1.6900935E-4
0.013827492
6.797442E-13
0.015348648
5.2336618E-11
1.9849568E-4
0.0060583567
2.2955389E-9
4.1450022E-4
8.352217E-9
0.44361886
5.350409E-6
8.466563E-8
4.3044759E-7
2.4163364E-4
3.2768496E-6
4.909554E-9
0.010510442
3.315816E-5
1.8919029E-7
7.919487E-7
8.017903E-7
5.9605998E-5
8.1511337E-7
6.93603E-5
2.5973802E-6
4.466566E-6
0.012995052
1.607623E-5
4.4458625E-6
1.164938E-4
8.586266E-6
3.4596573E-4
2.3700873E-5
0.10461301
0.0013114138
4.80924E-6
5.2837135E-5
4.198135E-7
1.660584E-5
6.755617E-5
0.021211814
0.38942504
0.0
0.0
0.0
0.0
0.0
0.0
0.0
0.0
0.0
0.0
1.8896406E-5
7.8216164E-7
1.1502324E-6
0.002629933
0.016085353
3.062443E-6
1.4723631E-8
4.3271587E-8
7.363437E-8
0.0013539323
0.038994007
1.0668161E-14
2.7794968E-6
4.1825486E-5
9.211103E-18
6.123695E-8
6.0989347E-5
1.7688805E-10
2.9019785E-7
0.00700279
4.153429E-9
3.0780585E-9
0.010873558
1.9401487E-8
1.7623142E-8
0.013374244
3.542118E-5
9.707909E-9
0.0020382106
2.918484E-4
7.109447E-10
0.020975852
1.7714413E-10
1.830004E-7
3.8331276E-9
1.12049064E-10
3.8650043E-9
4.3943957E-14
0.001112232
5.6256573E-13
1.0280927E-9
3.876614E-7
2.2485468E-12
1.4250239E-9
1.4277558E-17
3.9073324E-4
1.7438813E-11
9.835965E-10
2.0070799E-4
1.4946148E-13
4.070008E-5
3.4297414E-14
2.1377916E-4
9.4428174E-7
1.702478E-11
0.0054172566
7.716386E-14
0.007529591
1.3136771E-12
4.1794602E-4
4.9504807E-4
5.0183135E-11
0.023530692
0.0033960517
2.2025817E-11
3.38389E-5
1.5384628E-11
1.3453932E-8
1.8839506E-10
4.66186E-10
0.004432913
3.916149E-15
1.4270986E-6
3.405731E-5
3.2704472E-4
9.6535274E-8
4.69106E-4
2.2990828E-7
2.0624368E-6
2.6178831E-4
2.6183887E-5
6.978452E-7
1.435895E-5
2.571412E-7
6.01766E-4
5.9494478E-6
2.9194005E-6
2.9636223E-7
9.47729E-4
0.0036926162
3.8119933E-7
7.835535E-5
5.065495E-6
2.6192094E-5
1.0637932E-4
0.007512602
0.053064045
6.918318E-4
2.6475266E-7
4.0303967E-6
1.2887895E-7
6.935832E-6
1.4675298E-5
0.01686935
0.017711412
0.0011398221
4.7340305E-7
1.8043314E-12
1.12950496E-4
1.3821046E-15
4.0699053E-8
2.9327126E-8
2.9591714E-11
1.0294433E-6
5.230548E-18
4.3237142E-4
2.304267E-10
1.1861935E-12
5.1781826E-6
2.5520306E-9
2.536803E-6
4.1183713E-4
4.7232766E-6
4.2159625E-4
1.1981496E-4
9.345791E-4
5.515926E-7
1.0861733E-6
0.02681594
9.431826E-7
0.0057662176
0.0041223965
2.8157967E-7
1.8174472E-7
3.521917E-6
0.015728906
0.0010957172
4.1242314E-5
0.0014175143
9.1335445E-4
2.1862218E-6
3.2412368E-6
0.01007473
1.3238987E-5
0.018430974
6.069903E-8
1.310471E-4
0.002845558
0.00272481
1.5552836E-5
0.0014166851
0.004195649
6.1574497E-4
1.44053165E-5
1.4933878E-4
0.0060959994
0.0010488193
2.6477515E-4
1.5003506E-4
6.127508E-4
1.985498E-4
5.482586E-4
3.943711E-7
0.0034581104
0.012788775
0.0025644365
4.7835306E-7
0.0042010327
0.029865474
0.0075410116
2.508774E-4
1.6745544E-8
2.5870078E-4
4.605352E-7
5.5931965E-10
0.0012188053
1.1821563E-6
7.1994473E-9
1.6556213E-4
3.697965E-9
0.049473975
7.545776E-9
5.5464568E-8
4.9898002E-12
5.6680105E-11
3.1064258E-9
0.0013555065
1.1501564E-10
1.4733405E-10
1.9158461E-4
4.2617884E-10
0.009757743
2.6085016E-7
4.5325585E-10
1.0283237E-5
3.2069772E-7
0.005947186
5.5124243E-9
6.911089E-7
9.87187E-4
6.817142E-11
0.12410994
5.0812993E-8
0.0015154141
1.4553382E-6
2.256298E-4
7.91074E-10
0.013856179
0.002116612
3.7415578E-8
4.932205E-6
1.0972108E-5
0.0113195535
1.4554108E-8
0.010733114
3.928646E-6
9.289395E-5
2.9934014E-8
0.0051245545
0.008868129
1.9350492E-7
4.8316005E-4
6.242324E-6
0.004069464
3.2393903E-8
0.00865834
1.9125006E-4
1.7074132E-4
1.5535754E-5
0.0012091895
0.0050302865
1.1420908E-6
0.002840229
1.7490292E-4
0.0029709977
4.3234622E-6
0.0044642487
0.0022565876
1.99367E-4
5.712469E-4
0.0016450157
0.004817608
6.4771853E-6
0.005993229
