3.117444E-4
1.0517216E-6
7.1612437E-4
6.526117E-4
1.7838262E-8
1.1155472E-5
2.2155124E-14
3.219834E-4
1.6892848E-8
0.0011935934
5.92348E-4
1.310536E-10
2.819225E-5
3.1839863E-14
6.7435607E-4
5.7566206E-7
2.0982926E-4
1.4107686E-4
3.0901152E-13
1.0791643E-5
2.374466E-14
8.622519E-5
1.0772846E-10
6.882006E-9
1.5999761E-13
1.4492473E-11
8.805263E-15
2.353744E-8
2.7279465E-9
2.2503034E-8
1.1455709E-4
2.2474413E-11
7.5537455E-6
9.574661E-5
4.19249E-13
3.23123E-5
4.993263E-13
0.0011256892
3.697426E-7
1.9786184E-9
0.0011782665
4.6112964E-11
0.28495854
0.8212526
0.8196872
0.8023658
0.8622236
0.8647212
0.8501619
1.0565647
0.94200635
0.99014604
0.95135105
0.8707663
0.82869893
0.7996547
0.91959524
0.95050925
0.94182146
1.0527334
0.85270953
0.8019167
0.9399269
0.9225276
1.000263
1.1715616
1.0353359
1.0333142
0.98112625
0.8972015
0.82668334
0.80728465
0.8785782
0.9908733
0.13620538
0.0
0.0
0.0
0.0
0.0
0.0
0.0
0.0
0.0
0.0
0.0036294854
1.5795217E-6
4.9928876E-6
2.473515E-4
9.179899E-4
1.864008E-5
1.6030643E-8
1.9101139E-10
4.746522E-10
4.1047E-8
0.040339667
1.6106416E-8
1.3817875E-7
7.452009E-5
5.800909E-16
6.373419E-8
0.008688252
1.9529675E-6
4.65809E-7
0.010091997
2.6133253E-7
1.401162E-9
0.00387165
9.733989E-6
1.5610909E-9
3.6591679E-4
0.004025846
2.7446208E-7
3.2349177E-5
0.0031499942
1.42262895E-8
0.051796753
3.645873E-6
1.282563E-6
6.416071E-7
4.6847206E-5
2.3979372E-4
1.4348649E-10
8.700629E-5
1.9131033E-10
5.197133E-7
1.03706276E-4
7.9066973E-7
0.0012198213
1.5213978E-13
2.6228303E-5
1.4019005E-9
2.1870084E-8
0.0016585782
4.366567E-10
0.0059186374
1.0955196E-11
1.0049818E-6
3.3224804E-8
1.0524703E-9
0.004681892
5.3006102E-14
0.004451696
1.467815E-11
7.133378E-8
4.5761405E-7
6.240091E-11
0.005230325
0.030705685
1.576055E-7
2.201899E-6
8.856498E-13
2.752884E-6
5.3599265E-6
3.6093562E-11
2.3032913E-5
2.001466E-12
1.0818425E-6
1.4489588E-4
0.35576776
0.8189631
0.81173515
0.7988943
0.8985
0.9325475
0.93014896
1.0024819
0.95867443
0.8490042
0.86549145
0.91668886
0.90280247
0.96749127
0.8776939
0.9822289
0.87674755
0.8311661
0.72006094
0.82000524
0.9656396
1.0245247
1.070266
1.1120497
0.97550815
0.7996281
0.755923
0.837636
0.98747736
1.0433639
0.9931876
0.95682096
4.1376743E-6
5.4564153E-12
7.4655745E-8
5.0146696E-11
5.1159423E-6
2.9945697E-4
2.8791842E-6
9.6881134E-4
1.6090663E-13
6.680631E-7
5.142833E-6
0.7452682
0.9090805
0.8737666
0.89852166
0.9585842
1.0036923
0.9899929
1.0013367
0.95691335
0.989736
0.953828
1.0113046
0.9214259
1.0076452
0.9697526
0.9324876
0.8765137
0.9371978
1.0357044
0.9589546
1.0472244
1.0597365
1.1054213
1.1652795
1.0051326
1.0651643
0.9645574
1.0833592
0.91043437
0.98807806
0.95512307
1.0280566
0.9038096
0.90205127
1.0671017
1.0534452
0.9655328
0.9976977
1.0426911
1.0125017
0.98536485
0.91454166
0.981954
0.9491229
0.8551347
0.83380866
0.7730202
0.8005994
0.8287865
0.720347
0.7858701
0.8019866
0.77731645
0.0017420453
1.8887449E-11
4.4476733E-4
2.5673434E-11
9.43796E-10
6.784695E-5
3.3544523E-10
3.894207E-6
4.884195E-9
5.4115297E-8
0.18768252
1.8176303E-8
3.0965792E-9
3.6440748E-13
4.4347992E-8
2.4482003E-7
3.8964913E-7
3.3811716E-9
3.5060664E-13
9.2962415E-5
5.1047793E-9
2.1132462E-4
9.828528E-8
5.3728057E-11
7.121748E-5
1.3000342E-6
8.834432E-5
1.05771555E-7
1.2933753E-10
0.0011019808
4.9523863E-10
0.021209734
9.010513E-8
0.0016642945
2.4893123E-5
0.0030246717
1.3312553E-8
0.0018458605
0.0010674469
1.976533E-7
1.5988658E-4
1.6110615E-4
0.0018591571
4.6953823E-9
0.0018269264
4.963639E-6
9.665144E-4
9.487925E-8
0.0017881885
0.0011751575
1.6959865E-7
6.495452E-4
8.7689E-7
5.706814E-4
8.961916E-8
0.00132665
1.2119017E-5
3.0700063E-5
6.882094E-7
3.3859932E-4
1.9057083E-4
2.3504894E-5
2.7137797E-4
5.7806204E-7
1.10796944E-4
2.481215E-4
2.2650455E-4
6.316787E-5
2.6851609E-5
1.7108174E-5
3.1917135E-4
8.718557E-5
3.5069263E-4
1.02162834E-4
