0.025388435
1.6209114E-8
1.1801898E-5
2.9213409E-6
1.2883988E-6
0.0019841804
4.868635E-18
0.0019764036
7.6999476E-7
1.87973E-4
1.2371792E-4
9.615405E-9
0.002099721
3.660342E-17
0.0026547643
1.48190775E-5
8.864988E-6
1.9483994E-4
6.0840282E-12
8.3595567E-4
7.2291396E-14
0.11224389
2.8583253E-7
4.655303E-5
4.082796E-9
7.723824E-6
8.594002E-9
8.178289E-6
2.5529123E-4
1.208764E-4
0.0015203527
1.08509585E-5
0.0053091645
0.009851807
1.4206896E-7
0.019995946
2.7696075E-7
0.007976341
0.0033401025
2.2685851E-4
0.0071049235
5.8050562E-5
0.087782316
3.2579102E-8
3.26107E-6
1.7569271E-6
1.7849779E-6
7.899834E-6
6.4540835E-4
3.0159837E-4
5.6693955E-7
9.451726E-9
1.854691E-5
1.1916396E-5
3.900497E-5
4.3987042E-5
2.2719303E-4
8.760348E-7
6.184633E-7
0.0012048373
0.002933317
1.3032777E-4
9.6475094E-5
2.7883114E-4
0.0011982411
2.1781166E-7
6.676322E-4
1.7344873E-4
0.0066137933
0.0025741302
0.013224707
0.01716363
0.002646669
0.004770705
0.07155159
0.0
0.0
0.0
0.0
0.0
0.0
0.0
0.0
0.0
0.0
7.1469753E-6
2.4911066E-7
1.7416658E-6
0.007051491
0.015537756
1.4376376E-6
2.4800625E-10
2.9116536E-11
8.221987E-11
2.0776231E-7
0.13884951
8.4924224E-8
5.759275E-6
7.506004E-5
2.4487834E-12
1.2240939E-6
0.010914973
3.00677E-5
9.081384E-5
0.01861757
2.458074E-5
1.5976044E-5
0.010124372
4.8800383E-4
7.857339E-6
0.0031111857
0.025298685
4.321041E-4
0.0063698175
0.018238937
1.6725223E-4
0.2175457
1.2474669E-5
1.1839506E-7
6.316957E-5
6.365695E-11
5.3478155E-4
2.3297423E-14
2.6489847E-4
1.0283826E-10
2.2764696E-7
5.29988E-4
4.2041444E-12
0.014954176
3.5984722E-17
3.205909E-4
3.278799E-10
1.3725665E-9
0.0026630878
1.9865115E-13
0.016061282
6.4097863E-15
4.9052225E-5
3.7943514E-6
4.3735926E-10
0.014228666
1.2344859E-14
0.013906744
1.2130894E-13
2.8742925E-4
7.126964E-4
1.0494134E-11
0.020266395
0.028082328
2.6752312E-7
3.589204E-5
1.1449636E-9
2.7061524E-6
1.0457134E-4
5.8806864E-7
5.9452653E-4
4.1897056E-8
2.4117755E-5
2.650069E-4
0.14148375
6.065248E-8
3.5758785E-7
1.03743055E-7
9.9128876E-5
2.7266162E-6
1.6154177E-8
3.669373E-8
3.5965062E-5
2.4485083E-5
3.2982748E-6
2.3228085E-5
5.5264143E-5
1.0224408E-7
3.6910697E-7
8.129733E-5
0.0029817226
4.0785028E-4
0.0049072066
8.3675847E-4
1.2331018E-4
4.9579645E-5
4.3672782E-5
0.0028542588
0.00228676
0.025767129
0.023403257
0.021221804
0.0038852915
0.0040115365
5.2880216E-4
0.0048898137
3.569888E-6
1.5950928E-18
1.37921985E-8
1.4630269E-13
4.3948994E-8
2.2282045E-4
2.8958228E-8
4.49679E-4
9.311478E-19
4.9095914E-5
7.9170115E-10
0.11520686
2.8806318E-7
2.1784355E-5
0.004317296
3.901068E-6
4.3271965E-7
1.2405975E-6
7.492325E-5
0.036868453
1.2257366E-4
3.9066924E-4
0.012647703
0.0030900263
1.9565666E-4
4.181379E-5
0.0015172892
0.015347225
4.3411023E-6
2.1776387E-4
4.6198798E-4
0.0041151796
0.0019207613
9.925852E-6
0.0028487763
0.010799152
1.6937355E-4
1.38575E-4
0.0011900688
0.013540261
0.0036704375
4.386016E-5
0.0027813767
0.0036479481
0.013857129
8.934083E-4
2.528985E-4
0.009488969
0.0046208557
0.0011252805
2.478255E-4
0.0020409808
0.006254592
5.6955445E-4
3.5575296E-5
0.0039114966
0.0068145003
0.0015310681
7.4854336E-4
1.4837025E-4
0.009984551
0.009011594
0.0048114345
0.031522486
0.0029930542
2.6431003E-11
1.6512629E-4
1.0267716E-7
1.2943097E-7
8.09267E-5
2.885276E-6
0.0010615368
3.0770573E-6
4.76805E-6
0.22555682
2.5566447E-8
2.071911E-7
8.6646235E-10
7.1234026E-5
5.10261E-6
1.6600137E-4
5.3536047E-7
2.3486734E-7
3.7203557E-4
1.0143785E-5
0.012722859
1.4164113E-4
3.68886E-7
0.020007713
0.0025630957
0.015072697
1.1808864E-4
1.6292848E-4
0.00772457
4.304188E-5
0.19324574
8.310215E-9
1.9709974E-4
9.6570024E-5
3.0531377E-5
2.7755455E-8
0.0027201383
0.002587036
3.7273762E-7
2.2481427E-5
0.0013564504
0.0068697724
2.2608809E-7
0.0055084033
0.002043729
3.7833798E-4
1.0188729E-5
0.0059906053
0.007995022
1.9392366E-5
6.896475E-4
7.2600535E-4
0.0054808264
1.6136288E-5
0.0043488643
0.0024338001
2.7070538E-4
7.8124525E-5
0.0028529852
0.004038572
7.303201E-4
0.0021286793
2.0074853E-4
0.0027070632
0.0026401533
0.0031059145
0.003108733
5.007053E-4
8.1937993E-4
0.002218592
0.0025950524
0.0030198325
0.0025086543
