7.802644E-4
0.0042309174
0.00389176
0.0026220002
0.0055241846
7.014938E-5
4.1675932E-7
2.759059E-4
0.0042697624
0.0070089484
0.0014619146
2.8768465E-5
8.8086614E-4
5.9197635E-7
1.4656302E-4
3.89816E-4
8.610584E-4
9.388501E-4
7.191348E-7
6.114536E-5
1.0968055E-6
0.5346815
0.8675236
0.86960685
0.82946265
0.8382271
0.8147081
0.83564574
0.9450519
0.92226577
0.93184185
0.8883201
0.98268056
0.9717491
0.86093086
0.9058057
0.8520498
0.8422446
0.8413816
0.86101484
0.85551965
0.7981927
0.16923691
1.654616E-8
2.932054E-4
9.138152E-10
2.0465688E-8
1.6287242E-7
0.0034427948
0.0011341416
2.6552292E-11
1.2975477E-5
5.2930595E-4
5.8901533E-9
5.279615E-9
9.496598E-9
1.8527318E-4
4.53324E-5
1.3236814E-13
3.0132473E-4
0.0031797925
3.557814E-8
4.60626E-9
5.2571134E-9
1.5789065E-4
7.684939E-6
9.052826E-12
0.0032820092
0.00466046
3.9905744E-6
3.7084035E-7
3.6013058E-5
0.010022561
2.211789E-8
0.0020045242
0.0
0.0
0.0
0.0
0.0
0.0
0.0
0.0
0.0
0.0
0.0045786663
2.6332286E-10
2.6532295E-8
6.3966814E-5
1.0451681E-4
1.4888878E-4
9.192732E-8
4.546998E-9
5.2694817E-9
4.2416794E-8
0.1597363
0.88884634
0.8996123
0.8798459
0.8235794
0.8611437
0.86244833
0.8622919
0.9056966
0.9314502
0.8865723
0.89198667
0.92942387
0.89723676
0.9630458
0.94532967
0.82649064
0.8525671
0.86919844
0.8221996
0.7880996
0.5675593
9.9815035E-5
0.0023655957
0.021238564
6.145084E-5
0.006358308
1.9562E-6
6.1901315E-5
2.5058227E-5
1.7905202E-5
0.0037349076
4.280996E-6
0.026246501
1.5776732E-7
5.096457E-4
3.8763614E-5
1.2836489E-7
0.001527408
3.865487E-8
0.0065153213
1.349614E-7
2.3297998E-4
3.2439636E-4
6.8074094E-8
3.5239442E-4
5.2928506E-9
2.9749592E-4
7.8518084E-8
5.627861E-5
1.2712495E-4
2.357244E-8
2.3893132E-5
0.030935245
0.9154213
0.9038572
0.8859855
0.8478672
0.8322286
0.83678174
0.8567684
0.8277636
0.93387675
0.9338279
0.21326067
7.587071E-9
3.8168843E-10
2.5603142E-9
5.664779E-4
8.854865E-6
1.424242E-10
8.709289E-6
1.8489064E-4
1.2137793E-8
6.911278E-10
8.076384E-9
3.5471263E-4
3.4984263E-5
5.7669656E-9
0.003235239
0.004327253
1.2811595E-5
1.0666093E-6
4.996458E-7
2.8018633E-4
1.0959077E-5
1.3463872E-10
3.3737425E-4
0.0034348012
0.0030500512
3.1680188E-6
2.007519E-5
0.015759258
3.5100026E-8
3.1608625E-9
6.4704844E-5
0.048160125
2.673515E-6
1.9956671E-5
5.572914E-4
3.1201395E-7
7.1798475E-4
2.1419906E-5
5.4614E-4
2.5962836E-6
1.1314882E-4
0.009950962
1.3590402E-5
4.6385408E-4
7.093179E-7
6.532765E-5
3.3402355E-8
4.4128207E-8
1.8267041E-8
2.3032142E-6
4.938893E-5
1.1095603E-7
2.037016E-6
3.5968814E-8
3.624148E-5
1.4824753E-6
2.6990306E-9
1.7060001E-6
8.250864E-4
2.6439655E-9
6.7351107E-6
1.0443804E-8
4.0560658E-4
0.0032248616
6.2681395E-11
2.4876903E-7
0.002975598
6.7005004E-7
1.7915372E-8
2.207952E-9
5.120003E-4
3.8894495E-6
4.517341E-9
1.7831686E-4
1.6019275E-6
3.2700374E-8
3.441459E-7
1.7680685E-7
5.1558913E-5
2.5094481E-5
2.5223858E-7
1.3069839E-5
3.2651747E-5
1.9418569E-5
4.038218E-6
1.748183E-8
4.0210443E-4
1.4107995E-4
3.284283E-5
3.483332E-6
5.669517E-5
1.1266918E-5
1.7148845E-7
1.8578224E-7
5.1132797E-6
0.80335563
0.91227907
0.86573076
0.85360765
0.85351557
0.8641621
0.9219239
0.8487772
0.9626647
0.89105356
0.5325445
0.8986963
0.8937845
0.86447215
0.835779
0.83051246
0.8592155
0.8442115
0.86535895
0.9395595
0.8507831
0.95554847
0.9134496
0.9138296
0.90140414
0.9314152
0.87117106
0.8040974
0.8301972
0.82581025
0.76151997
0.8151734
5.969342E-5
0.013645854
0.002298445
0.010179144
2.0426589E-4
0.0031214321
0.0010786302
3.6251434E-4
0.0014820121
0.002584177
0.0035711906
5.4897496E-4
0.0045490363
0.0034412385
0.0036745556
6.516451E-4
0.005008521
0.0032812348
5.005632E-4
0.003519057
0.0035080162
0.0060724793
1.9562997E-4
0.0045579816
0.0036612826
0.00238556
0.0024747152
0.005333434
0.003136259
9.861196E-4
0.0026460346
0.0013067997
0.0027129075
0.0011051487
0.0016368314
0.0033450655
0.0035644
0.0011210004
0.005268262
0.0010288408
0.002031589
1.8204199E-4
