0.9230601
0.8702632
0.879771
0.9016705
0.8670314
0.9295762
0.80399823
0.9703062
0.838231
0.8660616
0.8243963
0.7221165
0.8572197
0.62020415
0.84190714
0.76293004
0.8422051
0.9042894
0.7112689
0.9396734
0.7256723
0.115607984
0.0063632163
0.0013817941
6.69687E-6
0.005925158
1.2828539E-4
0.006483902
0.019323688
0.0039144834
3.9454408E-6
0.0054557496
0.030978056
1.5727192E-5
1.3703549E-6
8.568655E-5
2.4394074E-4
7.0001E-5
2.6462124E-6
0.006881535
6.7633033E-7
9.081133E-6
0.5862187
0.8513617
0.88529634
0.86933225
0.9001292
0.8909563
0.86469024
0.8078623
0.7684686
0.83428675
0.80493945
0.8108937
0.79911065
0.80587167
0.8052132
0.7592418
0.7140363
0.8183144
0.86111027
0.93792087
0.83991665
0.82579255
0.9735117
0.84579235
0.8538676
0.8744178
0.8617118
0.8553456
0.74028945
0.79170686
0.79925525
0.8417892
0.30092648
0.0
0.0
0.0
0.0
0.0
0.0
0.0
0.0
0.0
0.0
0.14795993
1.6480183E-7
7.082322E-7
0.002372173
0.011181844
0.0012834292
7.736664E-4
3.6925141E-4
1.2510785E-4
9.619375E-6
0.08676129
1.0661258E-8
7.828758E-6
4.299019E-5
1.3782453E-6
4.3587417E-5
0.0064429217
7.435649E-5
6.6374737E-4
2.0958409E-4
4.234461E-4
1.2484117E-4
1.5859731E-6
1.8583189E-5
0.0034607642
2.5293723E-4
0.0021074896
5.8361393E-4
1.4784889E-5
0.0024866452
0.001276875
0.12543406
0.8899168
0.9650279
0.9168489
0.90458447
0.89180785
0.86732626
0.939711
0.82634854
0.8694309
0.86031413
0.7957374
0.7702598
0.68332845
0.80988383
0.7446438
0.81165415
0.8169262
0.7738864
0.8696028
0.8643779
0.9893612
0.9772438
0.8685152
0.9603092
0.85818195
0.8786291
0.75828964
0.8790245
0.84575737
0.74549776
0.844476
0.5453202
0.018882554
1.1133235E-5
2.272574E-7
5.4043676E-6
3.076992E-6
1.2663724E-5
1.6264102E-6
0.0032146897
7.008413E-7
8.190376E-7
0.67047656
0.8925969
0.8774933
0.92238766
0.85392445
0.83753914
0.79022974
0.83726144
0.8830855
0.84738606
0.7872153
0.80568165
0.8051476
0.74986315
0.7030881
0.7746836
0.8373761
0.8880264
0.86484075
0.86956054
0.9198952
0.9080176
0.8683999
0.87849426
0.9241699
0.8227856
0.7763736
0.81150687
0.8209373
0.834001
0.75407654
0.83518505
0.7977557
0.81980294
0.92261016
0.89223707
0.9373434
0.8734804
0.84892046
0.9198191
0.7683459
0.8753105
0.7198657
0.10358065
1.4959035E-6
5.675352E-10
4.05917E-4
7.578316E-12
8.947509E-9
1.8219821E-9
4.222361E-7
0.0018545896
9.492028E-10
1.0002805E-7
1.9682954E-8
8.0602105E-5
3.9377122E-7
2.2150688E-10
4.237282E-8
5.884786E-4
5.404439E-13
1.1580717E-8
5.2874656E-9
1.3504481E-4
2.280027E-4
1.0383735E-19
1.4236302E-7
0.0033183217
4.3594184E-10
1.6453776E-9
1.2380227E-15
0.0015203711
9.118486E-7
2.3838014E-14
3.982468E-6
1.1060218E-5
5.603964E-8
4.302836E-9
2.5140428E-11
6.8115536E-5
6.7049996E-6
1.7167066E-10
9.820652E-8
1.3617535E-5
8.261996E-6
3.3512322E-8
7.501236E-16
1.0437745E-4
8.516058E-4
4.13846E-9
3.798369E-8
4.3801496E-9
2.9655636E-4
1.4644428E-11
1.1150604E-16
1.6037864E-6
0.037916772
3.067123E-5
1.3202549E-7
3.8955174E-4
2.947226E-6
1.4984233E-8
0.016010564
2.43773E-5
9.547248E-7
0.007826205
0.04066941
1.2581312E-5
6.781496E-4
1.8497367E-5
1.0764514E-4
1.9395808E-4
1.123988E-6
2.8318664E-6
0.0012384757
2.1473197E-7
1.7605094E-5
5.5224664E-5
0.0037576954
3.2807926E-5
0.0012232148
0.001832181
7.450409E-5
4.1440982E-4
0.0017746445
6.178137E-5
2.3218784E-6
0.09588041
1.068822
1.0691173
1.0767342
1.0547123
1.0894439
1.0594736
1.0959443
1.0448607
1.0133688
1.0183182
1.0111973
1.0116264
0.9806911
0.9459489
0.94971585
0.96484405
1.0082071
1.0572944
1.0582664
1.0650239
1.0536804
1.1235093
1.1196616
1.1338409
1.0462725
1.0362744
1.0060283
0.99114454
1.0487744
0.96061665
1.036427
0.979671
1.0079842
0.9918648
1.1037152
1.0099926
1.0481421
1.0551621
1.0897386
1.1124222
0.98905456
1.0193442
