5.448089E-7
7.4907757E-7
1.2037309E-8
5.927693E-9
6.853276E-6
5.025379E-5
0.07762422
5.4671378E-5
5.319375E-4
2.4088974E-6
1.8195866E-5
0.0016500106
0.00319424
0.14303428
0.003653694
0.0011723135
2.0994607E-5
2.0002373E-5
0.10187783
0.002414098
0.124489546
0.07487734
5.59601E-4
5.651341E-9
3.7442194E-7
2.4639195E-7
3.3609904E-5
1.2021133E-9
1.0360117E-7
4.896186E-4
4.2924392E-10
9.818439E-5
1.0182744E-6
9.5891274E-8
4.532221E-6
1.343975E-8
0.0050994772
2.9415832E-9
6.463695E-8
0.009575447
6.053963E-10
1.2803494E-5
0.105005264
2.2659064E-4
6.3140737E-6
0.0017167474
9.087008E-4
0.0010042149
1.384234E-6
4.6665875E-5
0.095479086
0.034999076
1.20419034E-4
0.0024910576
0.017185247
0.004101731
7.2669075E-4
0.044871513
0.10442739
0.0028981592
5.472143E-4
9.382478E-4
0.013215698
0.013103812
8.152877E-4
0.031938363
0.075699635
0.004834623
1.6134421E-4
0.0033142702
0.0027678048
0.024324164
6.913622E-4
0.028132237
0.1392257
0.0
0.0
0.0
0.0
0.0
0.0
0.0
0.0
0.0
0.0
0.17420323
3.8107377E-4
1.3754702E-4
4.0334498E-4
0.0034763059
5.0939267E-5
3.8788674E-4
1.355286E-4
5.5369583E-5
2.039503E-4
0.04946635
6.008023E-14
1.2744578E-10
2.5545687E-11
1.3733306E-8
7.9763055E-8
2.5730633E-5
0.0012895468
8.7031644E-8
6.314915E-8
3.156331E-5
3.0197576E-8
5.5590554E-10
8.387529E-8
1.5221901E-5
1.3941495E-7
5.299402E-5
7.153584E-5
3.079484E-8
3.3837991E-6
4.6188165E-5
0.06772478
0.015755363
0.005985241
5.831854E-7
2.6497646E-5
1.2968697E-8
0.021277072
2.0280335E-4
0.07456759
0.011659446
1.5009488E-5
0.013822943
3.27566E-7
0.09364685
1.7980685E-5
0.050813787
0.007916894
0.0036465505
0.059106346
4.1625072E-4
0.08302516
0.0010427705
0.0211379
0.022131013
0.0013520694
0.06636682
0.013572344
0.05493442
0.034110263
0.016121648
0.037496563
3.1643975E-4
0.08826311
0.005174307
2.3577358E-9
5.573584E-7
6.5020224E-8
3.9964868E-10
1.0207517E-7
1.6905215E-11
0.03144233
5.221528E-10
1.1473424E-10
0.39515415
2.0999483E-4
0.0036766161
6.30864E-5
1.2163261E-5
0.002297571
0.07197824
0.015027495
1.7990397E-4
0.0018512777
0.010118902
0.0038318208
5.310915E-4
0.047091592
0.08333542
0.0017709645
3.4695055E-5
0.004838476
0.001132473
0.009512271
0.0036364547
0.030384524
0.0760185
0.016966712
1.52322755E-5
0.0038528536
5.7522643E-6
0.009797728
0.0016208474
0.03967801
0.08589688
0.013636853
9.8173705E-6
0.033538304
8.167005E-8
0.06718689
3.855199E-4
2.6311188E-6
4.3990236E-4
1.9605966E-5
0.12245381
1.2705747E-4
5.5313226E-6
0.10618115
0.0010031929
5.648476E-7
0.0061004832
1.17342026E-7
1.125741E-5
2.956703E-7
1.2793286E-6
0.0028490513
1.3980515E-9
6.622469E-6
4.1223505E-8
0.0018628951
1.9065009E-6
9.828369E-8
2.4983454E-8
0.025560617
7.1584486E-13
1.6909827E-7
1.5263953E-7
0.0014182104
1.4918467E-5
6.460616E-22
4.6066975E-6
0.013127315
2.5148391E-14
9.225221E-6
1.9453041E-15
0.017039966
7.4164325E-7
2.9566754E-16
1.10654955E-5
0.0021644598
5.0136185E-7
2.989011E-8
3.1453296E-10
4.2182734E-4
1.2929075E-6
1.6461575E-9
5.902239E-10
6.918459E-7
2.3624448E-6
1.9111976E-10
3.1417018E-16
1.4152325E-6
0.011188648
1.2182742E-10
9.282578E-8
2.2934568E-9
0.013526112
3.598708E-11
2.1103074E-16
7.2023437E-7
0.011819124
2.7292911E-8
1.9355387E-13
1.4042627E-6
2.659235E-7
1.1459541E-10
0.0055355467
7.5939613E-7
3.596684E-7
0.020115258
6.0391583E-5
6.775484E-9
0.0013272746
9.717262E-5
3.3701522E-6
1.3457355E-5
2.003604E-11
7.212497E-6
0.012739468
8.956549E-13
7.7271925E-6
5.4076644E-8
5.456048E-5
1.5678306E-4
1.3264115E-6
9.2016926E-5
3.310098E-10
2.4774981E-5
0.009546758
1.2377017E-9
2.3231628E-6
0.114966005
0.014766897
0.0028344959
6.2105384E-5
0.0037852314
0.0012137222
4.112213E-4
0.002394815
0.008977354
0.011658752
0.0053482885
0.0032196366
0.007839807
0.003670497
0.0017078221
0.014230132
0.007604411
0.013169488
0.00986907
0.004618914
0.016349377
0.0030359074
0.01042058
0.0058983746
0.0051789167
0.027510159
0.024351498
0.011231723
0.043529294
0.008196325
0.007094432
0.0064077554
0.0049081417
0.050858222
0.007879257
0.01414727
0.0895159
0.040632334
0.044442747
0.013190498
0.008781338
0.0057246946
0.009046945
