6061.000000
15747.000000
-1426.000000
-16973.000000
19210.000000
16148.000000
17029.000000
-16828.000000
25208.000000
-16906.000000
-6795.000000
15795.000000
8430.000000
-16762.000000
27179.000000
15760.000000
25271.000000
-17025.000000
-3544.000000
-17244.000000
6795.000000
-17204.000000
-25229.000000
-17082.000000
12856.000000
15119.000000
8536.000000
15461.000000
1762.000000
-17156.000000
-23782.000000
-17099.000000
7886.000000
-17176.000000
19063.000000
-17145.000000
-26424.000000
-17477.000000
629.000000
15642.000000
2224.000000
-17282.000000
-18791.000000
15615.000000
-4845.000000
-17110.000000
-4173.000000
14858.000000
21077.000000
-17241.000000
-29737.000000
-17631.000000
-9018.000000
15157.000000
-21789.000000
15538.000000
19063.000000
15495.000000
27682.000000
15608.000000
6942.000000
-17663.000000
-8116.000000
15446.000000
14701.000000
-17257.000000
5264.000000
15505.000000
-22397.000000
14203.000000
-23845.000000
15628.000000
7970.000000
15220.000000
24873.000000
15654.000000
22461.000000
15149.000000
30850.000000
15869.000000
-10486.000000
15747.000000
6439.000000
-17223.000000
15791.000000
15539.000000
-4845.000000
15786.000000
4782.000000
15660.000000
3377.000000
-16989.000000
-26444.000000
15704.000000
-5516.000000
-17334.000000
17155.000000
-17066.000000
23886.000000
-17159.000000
