3.5264688E10
7.7105107E8
5.1616704E8
3.64672672E8
2.78656E8
2.27615344E8
1.95263552E8
1.73457824E8
1.579884E8
1.4654632E8
1.37787808E8
1.3088888E8
1.25321368E8
1.20734104E8
1.16886E8
1.13607008E8
1.10774416E8
1.08297696E8
1.06108864E8
1.04156112E8
1.02399176E8
1.0080656E8
9.93532E7
9.8018944E7
9.6787456E7
9.5645352E7
9.4581552E7
9.3586824E7
9.2653456E7
9.1774864E7
9.0945504E7
9.0160496E7
8.941584E7
8.8707912E7
8.8033552E7
8.7390072E7
8.677504E7
8.6186336E7
8.5622048E7
8.508048E7
8.456012E7
8.40596E7
8.3577696E7
8.3113264E7
8.2665296E7
8.2232864E7
8.181512E7
8.1411264E7
8.10206E7
8.0642448E7
8.0276208E7
7.992128E7
7.957716E7
7.924336E7
7.8919392E7
7.8604864E7
7.8299344E7
7.8002464E7
7.7713856E7
7.7433184E7
7.716016E7
7.6894464E7
7.6635824E7
7.6383936E7
7.6138616E7
7.5899568E7
7.56666E7
7.5439464E7
7.5217968E7
7.5001936E7
7.4791152E7
7.458544E7
7.438464E7
7.41886E7
7.3997152E7
7.3810144E7
7.362744E7
7.344888E7
7.3274376E7
7.3103744E7
7.2936928E7
7.277376E7
7.2614152E7
7.2458E7
7.2305192E7
7.2155616E7
7.20092E7
7.1865824E7
7.172544E7
7.1587928E7
7.1453216E7
7.132124E7
7.1191888E7
7.106512E7
7.0940864E7
7.0819024E7
7.0699552E7
7.0582384E7
7.0467456E7
