22081.0
7843.2144
5237.5024
3851.9768
2191.4602
4825.59
1771.2101
1305.7651
5178.146
7725.6934
3475.2812
4684.8506
6643.7925
1672.4845
7011.3794
608.5772
6263.2734
646.61957
6928.1367
3240.669
5951.6396
5121.106
1282.3221
5371.75
3865.1401
3098.2805
3865.47
3538.484
4096.7695
3379.32
2774.1697
3462.0325
2897.366
3218.8186
3569.442
3855.04
3402.1274
2051.0388
3998.7722
2561.265
3368.901
2927.5662
3271.1226
3636.5818
3558.6082
2695.4155
3306.2656
3487.6523
2445.8447
3758.9668
3762.4219
2443.6958
4054.2832
2396.3162
4031.4077
2843.6116
3525.8584
2566.4714
4086.0786
3307.423
3183.7737
3417.1855
3338.9478
2732.6294
3863.701
3069.188
3593.306
2704.804
3451.2668
3673.0876
2875.5283
3585.0315
2859.1033
3150.2905
3976.8438
3015.6516
3146.1936
4135.2993
2558.4019
3572.368
3502.6077
3280.3188
3028.953
3658.4927
3376.8433
3588.7266
3426.6125
3364.38
3064.0625
4093.4788
3028.471
3383.0134
4021.3591
3107.6948
3274.669
3979.943
2986.8582
3556.3013
3294.7312
3575.5474
3584.1602
3720.4597
2994.3806
3824.5676
3834.9204
3051.5464
4018.8171
3340.9614
3535.788
3776.6614
3550.365
3863.975
3613.4448
3368.4954
3420.47
4456.904
2759.3083
4404.739
3116.642
4138.4097
3532.1753
3763.7017
3605.243
3947.0388
3314.3816
4383.5767
3271.927
4449.49
3356.5798
3637.8477
4355.1655
3496.0151
3793.9646
4058.7493
3799.995
4237.056
3529.366
4483.217
3289.95
4401.0356
3735.686
4093.7898
4159.4897
3946.8264
4101.2573
3912.8472
5022.438
3003.859
4885.231
4137.28
4035.494
4220.508
4617.409
3368.2075
4967.012
4166.5723
3994.9531
4868.893
4325.3613
3649.2505
5449.401
4062.493
4315.203
5118.8794
3950.657
4869.4263
4964.058
3900.763
5292.7466
3682.4287
5527.1865
4090.9739
5278.2407
4692.3154
4479.597
5492.6875
4684.4766
5024.437
5072.5312
4720.4385
5316.9673
5039.716
5155.277
5103.4805
5692.7627
4545.8945
5866.6284
5017.274
5394.2197
5231.0806
5741.1777
5289.478
6075.667
4989.403
6184.155
5438.254
6063.578
5738.5054
5839.158
6214.2925
6120.082
5862.9185
6415.2646
6632.4688
5107.665
7569.8027
6523.207
5775.0015
8245.358
5656.4097
6864.8267
8708.357
4707.4414
8380.876
7199.5073
6748.037
7427.449
8522.811
6325.96
8485.373
8111.1094
7672.706
7897.7837
9426.764
6936.8164
9254.067
9548.394
7741.323
9142.119
10981.782
7067.126
11135.254
10547.017
8414.826
11606.247
10936.128
9172.675
12628.125
11414.967
9833.339
13898.676
12226.102
11260.358
14862.162
13213.624
12630.128
16778.365
13380.736
16281.416
16680.102
16327.865
18457.072
16947.775
22301.068
17516.328
21726.854
27173.113
18862.645
28459.984
33687.05
20720.873
39099.344
43736.348
24339.697
58957.207
60437.996
35825.656
100125.375
106683.09
69357.36
287203.12
522255.6
605060.06
468828.0
190930.62
64215.26
152331.1
77746.66
49230.047
101430.38
46263.312
47443.215
81092.05
37734.62
55335.43
77413.2
36862.664
67082.73
69292.25
38194.38
70433.56
59002.773
43220.867
69124.2
51147.387
52145.68
69127.266
46988.207
60609.94
66200.9
49651.555
70093.33
59946.69
55616.777
67340.61
49007.27
60164.53
56246.797
45200.977
59437.93
46907.03
54447.36
57746.332
49960.94
64965.465
54514.63
61441.3
61335.453
53771.234
63944.773
52047.133
60178.32
54270.28
51010.887
55127.83
44173.426
53529.12
47066.723
52818.125
53563.492
48858.504
54782.27
47004.145
56374.168
49242.35
56082.684
52027.68
52952.0
53578.28
47848.566
51721.516
42988.453
48446.273
40761.43
48404.617
45257.63
52063.55
51592.363
53640.586
56391.332
53852.105
55782.81
49728.113
51249.082
44638.273
48428.05
43106.656
48218.734
43449.11
49551.445
44302.82
48953.848
41996.63
44798.695
39398.184
43723.742
39498.25
44703.55
41381.324
47216.254
44458.703
51691.82
50183.207
56041.67
51857.86
54423.402
47415.31
47902.258
40973.367
40379.87
34600.03
35507.79
33647.324
35536.09
36275.145
37648.67
41312.086
40508.285
43680.59
41554.82
46282.883
45563.637
51363.707
49298.59
48942.77
44278.344
41279.51
41711.242
38466.4
38847.883
33067.37
33812.688
31695.402
31362.059
32581.75
32052.404
36353.582
35766.363
39954.477
39704.492
42287.758
43093.78
40792.055
42581.277
40857.723
41843.11
38096.395
34574.215
35726.133
34387.113
36635.047
37463.992
37763.254
40177.625
38041.145
38504.688
37803.113
33824.613
33809.566
32356.584
33661.215
33959.316
31318.32
32187.84
30704.81
30614.889
31274.023
29702.717
31758.059
33217.6
31948.59
33314.36
34541.895
34163.55
34578.87
33392.246
33047.777
35902.65
38087.203
40642.133
42505.285
40039.527
38266.516
37346.785
33551.38
30108.709
27002.783
22998.479
21007.047
19378.227
17108.867
18574.93
19928.557
18614.072
19723.332
20674.93
19495.344
21030.658
24352.965
27708.012
31634.738
35408.3
39137.316
41113.883
41211.45
40977.2
37565.086
33830.105
34956.47
34663.734
31463.39
30882.4
30065.47
27781.082
26100.838
24263.377
21829.492
17649.738
12863.081
8993.262
4981.5684
2362.499
3214.9497
6152.0977
8148.347
10444.995
14176.705
16176.184
18647.504
22040.137
24951.264
28731.07
29792.443
28694.23
29446.197
30394.37
29333.377
28401.594
29215.613
31994.666
32378.225
30170.217
29006.557
25613.121
22161.037
19109.795
16606.854
13850.229
11113.575
10174.886
7573.4644
8105.4736
5517.77
5637.4976
4295.7476
7469.12
8437.203
10259.227
8986.532
9043.901
9051.108
6274.948
8391.117
8723.325
13241.441
13461.724
14817.96
17271.934
19233.316
20454.35
24139.875
24011.586
27540.12
27566.559
27907.969
24482.943
24716.848
21264.926
21508.576
18632.87
16813.129
13747.733
11781.416
9098.002
7427.8823
4808.226
1485.7885
2030.399
3804.6929
5093.8765
6707.306
4735.393
5017.9976
5833.099
5894.1436
6268.5957
5275.795
4658.255
2815.1355
4430.439
838.4081
4712.3374
2718.4119
6198.208
5146.281
5820.2197
6708.5894
6784.825
9348.199
8723.593
11828.577
10545.151
13009.924
13356.483
15398.981
15465.312
14138.105
16690.766
10672.813
13472.123
7260.765
10811.495
6519.3184
7010.938
4921.689
3924.4465
2840.1292
2894.9016
1112.9397
3267.7998
2573.234
3432.8013
1685.3383
3871.1965
1245.1244
4003.357
1844.9464
3737.566
3211.7556
2502.9814
2440.4514
3570.1423
1274.1038
3733.7656
843.6655
2603.7136
1383.7886
1372.041
1481.3474
1532.271
1191.6451
2587.4026
1740.6475
2466.4966
1369.5134
1998.4541
234.59764
1848.8724
1866.468
997.1385
2014.7839
1165.1921
2000.2097
2400.3655
1306.187
3085.172
107.77786
2641.559
1986.4991
2608.4143
2570.9626
1833.1759
3089.6562
1103.3379
2413.867
761.25525
2334.1038
384.8177
1838.1113
1156.5966
2057.9387
3098.4653
2545.1262
3115.9668
1282.3206
2826.2507
1211.8362
1792.4696
1866.3936
1676.9918
2406.4126
1347.8867
2932.6985
2286.6062
2693.8804
3317.261
2487.7773
3546.0435
2126.43
2868.8667
1144.5624
2443.0662
1791.7524
1429.4305
1789.4384
26.652071
1913.4874
658.0268
1730.2625
1092.0964
1604.9141
1666.2002
1138.6489
2552.1968
1175.3867
3009.417
1063.274
2029.8145
1451.0681
760.7294
1309.5742
651.56384
1897.3806
624.4459
1313.4781
753.271
1396.3717
407.73248
1333.6628
1221.1447
1529.8352
1307.7738
1900.9647
887.3303
2258.5437
1443.956
1632.1338
2199.2446
1194.733
1252.9663
1650.5344
1768.5314
2543.451
2782.9854
1963.053
2654.9294
2504.9514
2548.522
3072.3958
3507.6924
2523.0205
3316.437
1754.4822
3558.8699
2127.0952
3599.7847
1045.8677
2859.0881
895.4945
2313.3276
1659.4438
3952.3623
1864.9263
4171.6494
952.38464
3558.6367
1197.1284
3475.9922
1448.2646
3657.8936
459.66656
2864.2795
1040.6426
2594.5747
205.69157
3300.4624
533.971
2922.0225
836.27435
2519.8987
1400.6884
2637.0034
1729.168
1959.2709
1864.8373
2257.7456
1309.4751
2853.573
1926.185
2068.649
2128.5127
3347.8218
1609.7366
2400.9587
3147.4202
661.3883
4370.0854
1437.2571
2604.6384
2834.5454
2654.534
1980.0696
3285.469
3447.575
1892.711
3617.0898
3589.811
2096.149
4022.2188
4215.5845
1716.2593
6004.9487
2536.058
3186.8088
5523.8574
4698.7485
4911.25
5151.708
5298.2505
3240.8262
8710.916
2328.9102
4976.553
8218.344
4033.2178
8200.032
5812.3633
7754.9517
6131.3535
12006.542
4982.4653
6525.19
14300.475
5084.8896
13235.594
12381.258
13020.568
14070.747
23744.184
13467.785
19632.59
42982.21
22582.44
52504.45
136636.3
197823.67
187359.8
120702.94
28848.047
37958.887
43751.438
12920.071
23029.152
29359.102
6682.343
18606.666
22018.697
4379.574
16537.596
18402.025
3233.626
14843.413
14587.51
3587.0999
13969.395
11765.99
2549.036
12307.779
11402.94
4371.4165
12550.961
9745.833
5600.8228
12907.184
7476.7056
4298.308
11694.309
8454.183
6359.667
11405.874
7995.73
6980.5293
12202.88
9136.195
9355.031
13439.257
8859.175
11000.633
14343.155
9774.647
13065.367
14648.587
10282.238
14509.939
14724.666
11199.143
14437.241
13838.689
13261.93
14803.573
11325.7705
13039.084
14081.219
10224.576
11978.084
11406.554
8379.146
10901.531
10392.076
9895.8
12845.923
9224.026
9761.22
13343.632
9119.305
9369.731
14213.907
11657.593
9604.521
11874.403
13737.011
12492.52
8135.785
13575.45
15726.525
8720.952
12246.585
16003.382
12157.921
10231.855
13995.2
15460.218
11597.855
9502.703
14356.271
12543.179
8723.459
11804.618
11869.784
11374.694
9567.787
7972.246
10141.996
7602.9644
7479.648
8814.721
6856.5967
8829.396
8574.489
7531.3467
9589.164
8788.311
9282.32
9035.566
9410.613
12177.458
10832.499
10558.217
12073.205
11284.051
11715.91
11045.482
11699.102
12489.546
11145.439
12296.823
11258.5205
10908.691
12376.007
11392.272
12262.363
12523.933
12543.088
13095.278
11569.537
12343.076
12067.971
12445.5
11557.259
10131.114
11882.854
10967.6875
11301.541
11724.185
10897.371
11444.549
10449.524
10856.366
9768.603
9490.627
10576.687
9587.416
11286.009
10443.014
10578.158
11985.137
10434.362
11031.102
11281.72
11719.795
11544.844
10410.911
11153.419
9733.389
10225.644
10538.041
9610.886
9839.558
9460.05
9291.846
8506.982
9251.792
8132.3105
7875.485
9054.19
8964.397
9660.148
9033.824
11026.83
10845.383
10476.662
11630.215
11006.566
10751.401
11838.903
12533.557
11229.574
12444.209
11956.293
11124.677
11170.328
10840.629
11230.157
8309.04
9095.498
9809.123
6279.924
7257.1255
8583.754
4670.638
6813.973
10073.044
4873.3354
7708.3438
11939.729
7496.3833
9028.133
12857.663
8910.626
7385.7964
11612.61
8537.365
7178.7803
10638.488
10049.569
8040.4336
9756.381
10381.0625
9273.344
9457.421
9641.223
10645.77
11296.5625
11651.802
12468.861
13573.319
12333.693
12652.798
13466.008
12728.692
12771.994
13222.05
12822.959
11481.479
11544.302
10973.237
11125.141
10599.076
10481.228
10634.863
10515.651
9282.701
8870.506
8047.2676
6643.13
6138.7295
6229.08
6151.126
6056.4414
6693.946
6521.0806
6570.3477
6269.007
6144.86
6450.944
6211.387
5348.0405
5041.405
5066.802
5068.2095
5136.71
5780.995
6341.5493
6581.7446
7621.2183
8700.018
9726.665
10674.163
10990.124
11069.578
11556.657
11877.798
11999.208
12024.614
12335.33
11979.805
11233.8
11185.182
11184.167
11125.489
11138.36
10697.91
10121.906
9873.412
10002.923
10780.705
11480.894
11759.521
10734.005
9387.034
9287.266
10099.624
10851.293
11085.837
9874.441
7896.4487
6050.666
5212.762
5512.4644
5790.283
5280.4707
3939.1208
2037.5056
1952.539
3072.3455
3531.1375
3607.4924
3367.4214
2421.699
2989.6616
4583.2197
6115.0044
6599.34
5922.615
5569.104
6638.7114
8856.336
10566.585
10879.291
9394.771
9633.559
10769.525
12544.796
12922.073
12055.303
10766.043
11384.597
12616.64
14160.288
13586.0
11493.675
10208.378
11103.8125
12189.819
12959.893
12376.843
11041.202
11255.707
11142.393
11136.645
10043.7
8867.486
7526.6455
9208.044
8566.594
8498.75
7359.963
6355.6504
6957.7144
7863.2764
6834.7817
5203.725
4455.119
3404.4138
4744.182
5523.0195
2609.736
3547.992
4806.971
2197.284
4681.3237
3053.1748
592.298
3894.7761
2189.9976
1962.6696
1979.6259
687.4862
1967.4432
3371.9092
3430.2
5212.821
5012.619
4609.846
5638.5156
5999.0664
7017.6875
7919.361
8878.539
7493.6455
8232.701
9466.481
10417.007
11618.646
10503.057
10483.367
10788.187
13016.393
13114.488
12364.164
11498.948
9851.482
11094.124
12020.151
13164.282
11761.851
10514.7
10270.838
11354.127
13631.095
12203.432
9803.082
7104.5264
8685.253
10117.743
9328.4375
7428.8345
4010.577
4761.3066
5253.7505
5262.6294
3462.097
2004.4017
2009.0507
1944.7568
3572.5508
2738.5571
1875.2598
1429.8043
2627.7244
4509.9336
2460.9714
576.2317
3830.507
5172.4033
6427.175
4364.2383
3624.86
5082.8657
5175.3022
5576.4775
2545.9475
2019.9951
2343.532
2231.414
2573.669
2028.9299
2257.2227
1193.2585
3495.889
4202.7427
4453.3154
4825.7954
4436.9155
6918.802
6539.748
6724.6396
7916.8994
8331.884
10792.498
10518.074
11001.354
12676.23
12109.968
14002.27
13578.787
12784.173
12363.032
10454.567
12339.098
12521.018
12091.97
13052.624
11248.962
11979.747
11694.776
10961.803
11454.562
8178.3823
8496.631
9003.122
6878.954
6764.8823
4997.643
6005.406
5538.234
2242.3977
3012.0454
2526.756
1574.8951
2250.0696
2693.697
1963.7264
2607.166
2455.114
2841.6797
3014.2942
1783.8849
3399.2522
5081.9297
3539.2476
5450.943
1403.5275
1215.6893
4249.6475
2791.3438
5397.744
2023.4236
2199.3127
3667.9568
2633.5137
4928.874
3807.939
1584.157
2939.3616
6628.5454
3032.9717
3927.9448
2584.475
850.3738
5514.592
2711.3142
4086.135
1323.4702
2336.9634
5770.1807
4514.368
6547.91
6462.9194
1834.008
5528.0522
10508.187
8151.568
9415.28
7703.3477
8969.393
14484.519
8246.525
9353.334
15734.684
10640.509
13930.239
18206.828
5739.071
12205.125
20455.041
4942.9395
11914.298
19252.807
2111.7612
12437.32
20231.389
8228.536
10122.245
27659.21
20456.51
13424.561
57803.65
104247.086
126401.58
100114.34
49893.55
6796.652
27220.912
20554.602
5523.579
14150.105
14806.783
4460.511
10372.882
11877.039
3851.9612
8315.542
11085.158
3269.443
8307.921
8895.446
4146.357
6372.9507
7740.4272
3994.4614
6240.3286
6574.6655
3001.6687
8071.628
5666.442
2958.637
7565.8384
4213.386
2005.4325
7338.9624
4890.645
2807.6575
7427.807
4674.99
3620.023
6487.537
6375.442
4911.6924
7143.5664
6040.3433
3718.0503
7398.726
5089.917
3424.6138
8668.72
4791.752
3029.6785
8132.2856
4647.5186
4630.137
6564.5566
6725.6562
5689.061
5996.222
8970.029
4584.2583
9061.881
11006.969
3984.2341
12981.951
12398.395
5888.998
15547.057
13877.036
11195.189
15313.935
10667.748
15799.559
16261.729
8596.398
14389.064
10646.908
6942.428
16530.143
8661.878
5513.7856
13230.802
5595.9805
5194.603
7625.864
3359.1138
9036.387
8115.236
6935.918
5631.8613
2664.2913
5855.116
4769.078
7901.25
11667.937
6162.915
5835.9507
7574.5957
1721.6183
6640.0474
7507.07
6316.108
8662.676
8028.896
5245.261
5095.4526
4366.5044
6397.8843
7052.3164
8562.56
10393.407
6943.322
6124.492
7513.177
3879.8853
6847.063
6902.09
6442.127
7039.1636
6366.908
4712.034
5384.271
4812.7144
5744.3013
4870.233
5464.647
6880.7134
3629.1445
6405.828
5806.594
3444.7573
6713.3647
4618.7104
3969.0693
4840.616
4191.9883
4675.9395
5466.595
3831.1875
4101.416
4627.7686
1709.1576
5792.4526
3981.3633
4658.5786
7623.3096
4180.2314
5050.2134
6325.057
4299.3823
4199.9087
6120.687
4369.4517
4039.4412
8583.842
2841.5847
8061.7183
10252.072
2334.5527
12739.519
7631.5986
8861.25
15586.576
5053.63
14335.995
12177.278
7471.4097
16625.807
5548.969
13056.034
13367.181
4321.0703
13831.3545
5962.674
8210.869
11132.825
1108.9362
8775.616
6050.7515
4569.748
7031.8027
4867.289
5091.034
3894.1147
4554.3203
3271.578
5535.9263
6136.063
1869.827
5861.2666
3460.8833
4015.975
4620.891
2233.5444
4161.151
2947.5745
3519.9187
3091.4893
3089.5723
3510.8215
2931.999
4429.6074
2036.5034
3580.1965
3584.0972
1909.2261
5410.601
3852.1123
3133.9946
3836.1716
2943.6328
5281.8486
5590.655
5744.494
6581.687
5267.092
6761.7437
5750.6284
6858.4414
7468.683
5677.1973
7893.5566
7496.9604
6655.561
7979.655
6634.445
6739.639
7624.2417
7429.9146
9455.387
7265.974
6662.0063
5359.403
7077.6445
9444.666
8775.624
8607.237
7088.2114
2863.8733
6354.3887
6846.794
8520.565
9897.191
6106.5825
5444.297
2673.7505
5061.246
7716.8857
7855.878
7721.7905
5563.2373
377.37448
3962.4739
2759.4685
7033.0767
6942.768
1866.9708
3492.1252
1948.8937
2935.2686
2375.1475
2197.2703
3260.2898
3203.8718
1706.8258
3184.795
2850.8896
6166.442
7232.407
5194.088
9402.856
7381.4014
8870.408
10848.483
6289.92
12666.843
6461.915
11402.461
10642.657
5297.061
13206.248
3482.2556
8821.385
6860.401
3653.0938
6736.004
3909.5742
6411.6387
6389.3345
5728.856
5431.434
7908.7974
4772.2275
8533.218
6724.5317
5635.801
7390.3774
4133.5405
5956.9565
5831.1216
6092.947
6312.9946
7056.675
6823.747
7525.4653
6989.9507
5680.563
7375.2017
4474.213
5143.8564
5008.85
4157.3877
5904.608
5786.83
6137.1904
5615.127
5411.053
3596.354
3913.6548
2487.7551
3381.96
4587.448
3369.4197
5778.2754
4713.197
4587.176
3430.852
2478.831
1200.7516
835.6443
1983.782
1447.6324
2793.5676
2483.909
3407.6443
2576.64
1363.3849
914.9396
1664.8499
1420.3223
1880.6086
1736.6942
2054.5452
1828.1713
2016.5468
1570.7693
2477.5369
705.8109
1426.5881
2097.3806
3064.3987
5128.208
5249.2373
5747.364
5742.257
5500.671
4266.01
4044.253
5412.526
4885.08
6522.518
6541.8057
6625.8096
7542.007
6411.4
6967.7676
5481.5425
6603.069
7306.4487
8053.794
8542.017
6740.1274
8303.566
6583.6313
6963.179
7571.896
7436.968
8489.905
8111.3516
7814.5005
7859.394
6444.2046
8055.786
5639.9526
7217.811
4962.365
6038.321
6873.456
4275.9204
5914.942
3386.0957
4940.557
5423.3545
3140.1821
7168.8965
844.607
7333.584
3360.243
6460.6807
5226.328
5446.212
6517.62
2587.9465
5317.7007
3828.0256
4356.323
3339.3733
2512.3948
3883.8245
1685.6971
1073.0498
2166.496
1027.1617
2424.669
2353.1802
1528.3229
2685.2534
960.35394
3374.418
260.16306
3389.884
3604.7083
4054.7505
2368.62
1208.472
2427.2568
2909.4597
4823.4893
5225.4536
2070.8423
917.3259
3495.7107
5433.2676
7132.8716
5213.9946
2319.8647
1426.6613
4668.735
5478.788
6461.853
6347.4814
5601.466
1942.602
5162.77
6570.9985
7325.748
5085.7373
4284.515
3462.144
5889.0547
6855.91
9045.77
8246.722
8865.552
7116.293
6860.3853
5475.229
5168.8037
5048.17
7338.2603
7867.666
9544.808
7540.4473
5811.87
4599.199
4166.588
4698.994
5875.498
6423.2847
7329.5444
6892.1914
6722.0015
6699.2803
4801.364
4289.153
2766.8298
3049.2974
5021.048
5453.618
5106.135
4504.7197
2677.7795
2558.0881
1889.1381
1471.4753
4290.7197
1975.952
2565.1814
1464.7465
1009.8046
851.93976
1959.1919
390.20923
2381.4048
805.1256
3523.2559
1907.8353
2709.013
951.48505
2320.8613
2062.2117
5312.241
3960.6172
5564.3296
2193.0935
3267.8872
749.32544
3967.5266
2527.6018
5123.0366
1534.5435
2658.3154
1788.8046
3167.8557
1958.7635
2864.5784
1411.9781
2062.2205
2659.272
2829.8708
2050.9927
3783.79
1419.1241
3170.769
3545.7847
5692.3135
4677.197
4582.2627
3750.9792
2691.7412
8161.318
6554.523
7860.224
4312.985
8357.417
3795.5425
15182.638
6216.518
11715.657
3983.3267
14428.782
7582.2354
24975.564
6918.322
19629.797
56481.746
97742.4
84779.586
62417.34
21396.553
21046.623
16060.766
11043.198
1477.1654
17956.264
5171.8984
10323.643
2921.415
9124.955
6407.5605
10483.693
1558.0619
4112.747
5910.5654
6029.1846
5655.6963
4271.4917
3005.3967
1365.2516
6891.6055
2225.4644
3739.6736
2688.8884
3348.5088
3117.6885
5234.4653
1279.2888
2396.2651
4769.7085
2137.6042
3667.926
2163.5012
2318.2507
3494.6858
3805.7532
172.01953
1112.09
5213.748
3143.7356
4647.704
2080.759
2029.0594
4366.9946
5348.9995
3296.4492
3790.8013
2755.603
2220.9001
4491.698
4416.799
2666.8936
1720.8151
4779.5137
4617.346
6703.3926
3777.0786
1777.1414
3881.1152
2835.7808
2352.8357
1519.3782
3707.928
4741.659
6360.8267
3507.1252
3330.595
4570.635
4792.8745
5023.2837
1863.8374
455.82605
1684.1771
4993.077
4898.48
6140.764
4943.7544
2601.943
5667.5635
7542.537
6189.4175
4275.405
2929.0652
5934.2275
7612.9185
4533.733
725.69946
4925.311
10118.496
10666.162
7653.433
4014.5872
5082.984
8493.902
7066.874
6914.243
8474.633
10285.867
10013.478
7755.713
5356.461
6405.7524
8475.703
6782.8237
6270.6895
6580.401
7734.046
7363.974
3981.5303
2547.6084
5088.512
7433.694
7040.5073
3453.1228
3238.7563
2693.1724
5724.6807
6570.2036
2119.5566
4804.1685
1480.2382
5066.7983
6061.058
1798.7762
7867.69
3483.397
4048.6357
4992.238
4007.6755
9116.476
4703.5
3835.3323
5097.923
4871.6445
6974.13
3480.3154
3745.9783
4553.9697
5638.7686
5044.891
3719.9915
3852.6377
5935.7163
7164.9854
5920.07
5056.2725
3670.3716
5548.3706
5303.728
4246.673
5053.337
5227.192
6115.549
3354.916
3065.0935
5776.462
6068.207
4906.701
3689.9128
3970.4124
4814.475
4791.3506
3294.8108
3490.4556
3530.2852
4407.1978
4926.525
3059.2874
1791.6084
2290.6912
3749.6926
3982.3003
1732.5438
632.9273
3045.6047
2804.791
774.99164
2271.553
3426.171
3983.4219
2385.897
752.90247
1883.3054
2243.5432
1973.1383
1169.289
241.40755
460.00894
1201.3203
1551.8818
1732.1786
1459.4703
2326.784
4705.5737
5611.1
5233.0415
3252.2295
4139.932
7463.8413
7751.0957
5045.7173
3999.3462
8348.735
10924.731
8363.83
4409.342
8423.045
12602.093
12068.771
6622.647
5131.168
9979.153
11105.517
7941.7793
4356.82
8159.419
10816.222
9190.051
4403.648
3494.2612
7555.9316
8266.739
4826.65
920.43805
6013.2695
7922.205
6565.5166
3550.569
2992.1875
4622.1826
4302.325
3864.0823
4470.7666
4379.799
3677.1057
3024.8572
4306.3584
5057.913
3915.7449
2536.1099
4245.321
6091.6343
5414.2656
2242.3394
1748.1439
3809.7483
3591.6174
1828.9131
3257.1802
4790.4897
4942.2407
3748.03
2411.681
1259.5161
623.6945
898.9174
2041.602
3283.5862
4394.887
4128.165
3487.4114
3589.7878
4279.985
3965.0356
2748.9329
2167.857
2561.8125
2230.7834
1768.3667
2376.3237
3254.2844
3561.4543
3365.2234
3365.2402
2917.111
2224.0312
1489.4387
1407.8173
1835.7577
2677.6318
3203.6467
2911.0713
1558.777
1934.7291
2453.9197
1983.512
1883.647
3273.0776
3838.5728
3416.2039
3317.6194
4192.703
4814.944
4791.0986
3795.7134
2760.515
2967.6025
4568.8423
4724.4336
3654.6514
3474.05
5204.543
5822.4473
4090.2998
3422.742
5959.772
7292.027
5368.8667
4093.1619
6039.036
7198.418
6225.5986
4506.768
3988.3904
4262.505
5058.7227
5831.947
4731.289
3035.7356
6160.668
9568.396
9072.525
3298.242
6199.2227
11000.303
9026.385
1495.5387
7622.211
11457.736
9004.666
4585.943
6989.435
9870.302
10313.796
7166.398
4578.078
8937.714
10155.514
6099.633
4006.7644
8755.623
8513.822
3996.452
4340.6665
6000.145
4232.1787
3223.8357
3227.1904
1585.4764
3050.0034
3718.391
2595.8657
2641.173
2459.309
998.8729
1371.4902
703.3769
1518.9825
2795.2659
1859.5013
1844.0994
4180.5664
3463.7158
792.04095
3749.8284
4143.026
2362.3408
930.9332
1680.9165
1507.4897
700.08325
927.3955
513.8097
1627.8113
1302.4796
1945.5276
3011.5671
2066.795
1167.916
3096.5635
2670.5554
1320.9648
1615.3507
2128.742
2075.6836
1823.582
1339.6747
1970.0962
4178.9023
3932.4324
3562.054
2975.576
3118.3801
2947.808
1838.1171
2930.5
3189.884
3816.6516
2430.7078
4323.4995
5590.382
4822.145
4432.5967
4102.9443
5510.1562
4616.855
4460.9165
4338.937
5470.5986
6173.8667
4625.101
4366.458
4163.3213
5043.59
3348.9844
3880.9526
5188.416
4599.4204
4172.016
3000.035
5061.2954
3853.9456
4116.564
2549.3335
3364.2183
4418.746
3765.1843
4152.235
3508.6936
6376.612
2958.7961
3339.6736
1853.3425
4540.009
1819.266
3008.1357
2404.946
4087.2192
3971.573
2280.285
1508.3195
3321.458
2001.6858
418.00043
1431.4513
895.5354
2638.0461
3433.2766
622.95667
918.13635
2601.465
2138.0332
1680.1217
1721.8058
791.74225
422.72556
1042.167
872.0954
738.42975
2221.3123
3455.1611
3594.7322
3503.3098
5289.0986
6766.1763
5981.5557
4139.4854
8503.127
8993.877
7596.181
7181.208
8409.338
10121.803
8897.537
7301.815
8680.213
9125.355
7038.3276
6741.6284
8962.479
8832.198
5106.6343
3745.226
4429.3643
2932.578
3704.4248
5730.973
4158.153
2828.6672
2964.3533
1764.6882
1811.6023
3161.5007
3819.7124
4087.334
6027.19
6822.059
6633.051
7175.1143
2316.1753
3282.3894
3603.5566
1548.597
6912.851
7131.587
9394.402
6722.6177
8517.892
4812.7715
4025.3745
3994.0376
2321.6453
3433.9194
2065.3984
8734.088
8872.331
11309.685
6643.7603
10287.733
5630.1357
5387.7896
3666.7747
4922.5073
4047.322
6034.1367
6409.266
4556.6704
6413.5303
1942.3994
9459.585
3989.591
11332.929
5148.5195
11687.07
9524.814
1891.7638
12459.205
15916.168
6172.8516
31518.656
65836.766
74438.63
67240.85
38660.535
2722.233
17059.717
15344.659
1330.5756
10264.729
9858.356
2405.5442
7921.2656
4705.0874
2576.7048
5151.248
3637.9736
1213.4038
4645.269
2438.4666
2449.5176
886.329
5212.579
654.87714
3974.66
3986.5193
628.91016
4312.83
808.0989
2249.0503
2303.5024
3393.9534
1615.2667
4422.614
1053.7845
1641.3113
645.41284
2937.3562
311.92212
2964.9514
1670.8815
1166.8278
1968.0524
1339.5217
825.578
2794.5208
1487.7495
943.3703
1710.315
2350.3164
1455.8561
2281.2195
3331.6602
1011.37964
2767.389
1439.168
806.5974
3174.421
1968.5972
2983.675
4613.849
2876.489
3125.1172
3002.4927
892.8249
1304.8132
1978.2979
4490.3716
3582.5325
3256.4636
2549.3896
874.9057
2696.325
1939.774
4985.7417
5446.687
2650.3948
2286.9465
180.53679
4219.9644
6736.7427
4798.738
6478.3115
7855.945
2262.667
2057.1912
5405.877
11546.307
4178.3784
8759.053
10939.177
6163.6724
4866.1743
6760.0093
12644.809
7047.0903
6864.1333
10908.121
5733.9546
3989.585
3455.1018
10640.566
6649.9224
2975.4802
4613.516
4153.6963
3591.6719
5050.3584
5846.4263
5502.2637
4360.208
1784.5121
681.1108
4087.5234
5727.882
3743.5498
4118.881
3094.8945
1051.6426
3368.029
2524.2927
4776.715
2792.518
1397.4138
1334.2904
2609.4475
2363.3254
3372.7144
1595.0251
1004.1144
1038.9845
2072.901
3030.5715
1347.815
2220.1284
1959.4333
862.637
982.8357
2239.8752
2742.6519
2308.6519
2514.0632
1574.2731
1873.2169
2377.7544
2916.9722
1768.1215
2203.2493
1704.564
1566.8436
1240.7722
1517.3324
2021.5792
1125.4894
799.0073
1206.1467
2276.1067
1880.0016
2329.3174
2128.4172
1640.3156
1737.9398
1460.2932
2531.331
2537.6418
3892.8142
3114.9763
2315.466
2125.978
1726.5994
3527.8235
4457.8257
5127.512
3372.225
1694.4089
960.3013
3932.8118
5147.914
6936.799
6242.3467
4000.3147
4239.2905
3857.4602
5206.854
5584.851
3889.5151
3455.9573
1993.2661
1804.9651
3304.2075
5328.0127
5204.844
6563.6577
6400.7363
6646.506
5178.4136
3229.9612
5137.7817
5053.721
5140.521
5270.1523
2910.9326
2544.951
5537.9546
7392.881
8617.645
8177.5156
4333.0737
535.72736
4306.193
7061.695
8615.394
7472.177
7112.752
6156.29
6254.65
6759.3945
7292.175
5535.4087
3124.2012
2221.2612
5200.352
7811.6978
8300.277
8184.7993
7670.9175
5674.333
4193.2866
5085.269
5240.7983
3312.7698
1425.6416
3074.524
4531.901
5983.7607
6508.7354
6687.5522
5806.6387
2646.9817
1232.5961
2350.3403
2591.6836
4616.379
7367.792
6733.167
3810.6785
2933.932
3584.6155
2657.7776
1801.6663
3750.1353
4262.61
1861.0209
1770.636
1640.5999
3100.5798
3293.6917
3268.4087
773.99475
2359.6582
2141.0112
1035.4928
2191.819
567.2577
4375.5312
3460.7512
4744.271
7222.654
3540.8337
4996.1133
4471.6025
8910.518
4047.9937
8917.455
6074.9478
6145.1484
4911.714
6916.4355
6535.34
3967.5784
6379.5786
1548.478
6100.657
1808.7745
3987.1272
2625.741
2853.3025
3686.402
3017.192
4364.787
5704.75
4171.138
4494.451
1615.852
5240.094
3306.3313
5661.1606
4459.9077
3258.1082
2359.2166
1380.5046
2840.2805
3538.1003
2955.8325
3591.81
1808.7628
3062.6174
1950.1888
3081.091
1708.1628
3390.3196
3608.7498
2424.3186
2748.7795
3217.9192
3274.624
3546.0442
1688.3326
1657.8021
1449.6542
3356.5667
3755.0566
3534.166
3104.0217
617.9831
1211.5074
2369.3381
3346.418
3631.1804
1736.3992
628.3984
393.30197
1146.9152
411.6228
1807.8643
1310.3148
630.4837
646.4078
1494.5013
975.06366
380.90125
1414.2375
2312.8564
3245.3198
1668.8602
1542.9972
3478.2673
5768.2637
5874.313
4307.61
3660.9312
4466.868
5706.702
5719.9043
5349.794
5859.7334
6097.3594
4606.32
2553.6707
4516.856
7228.8687
7087.843
4726.5215
2031.7844
4547.643
7074.678
7827.87
5289.2334
3784.1172
5138.346
6018.3965
5171.971
3266.1702
2867.6956
2846.7363
3240.5886
1886.0188
945.9292
1987.6737
1620.5017
286.01358
1520.3777
3459.3108
3868.7664
3921.032
2702.1736
3547.3628
3831.7842
3221.5315
3071.0327
2087.319
2918.9658
3322.935
3235.918
2500.9814
1895.9017
1609.9414
3782.2336
5343.3413
7029.677
6235.0806
6215.7837
5264.2007
4945.4077
5577.8833
4566.969
4108.6333
3342.0405
3178.2244
4092.79
5356.7495
5658.392
5150.267
4979.119
5612.6406
5410.483
5474.124
3981.1104
3718.8792
4238.324
4618.7905
4438.201
3653.024
3488.6204
1622.891
2430.9956
2896.0813
3570.4807
4597.655
4596.919
3776.7937
3757.1292
3390.2673
3973.103
2310.1794
1813.3668
647.7376
1485.9844
2101.941
1767.331
2624.2798
2544.348
2898.9082
3170.229
3122.0667
3170.958
2794.6375
3698.2158
3168.9634
3989.897
2505.4604
1643.1216
1322.981
1483.6564
971.23895
2924.0493
2477.622
4209.0747
3331.3306
4032.9568
3729.914
3428.3953
2588.7356
2544.6877
2236.182
2729.4285
1385.1404
2593.9163
2675.9185
2719.6694
2401.92
3110.1145
2221.905
4501.906
872.47406
3851.0447
1495.378
4066.2197
2727.765
777.9892
4121.7363
4310.5796
2016.0022
4081.2627
4989.522
2503.7427
2689.5457
3598.0151
1966.3257
1610.1915
2016.6461
1245.4531
1557.5741
820.4858
1541.0032
1525.4434
3084.4949
2566.896
1197.3418
995.33636
4508.498
3263.7732
3653.518
3999.2976
2934.8547
5628.6714
6409.041
7759.824
7446.6025
3003.9258
4667.707
8328.513
7824.516
8541.178
4933.401
6495.0327
6289.771
6475.52
10735.447
7246.353
6908.0454
3442.2666
4750.743
9758.565
6050.634
7701.4478
4929.995
2186.9783
3794.01
7200.6064
9941.034
6659.3687
6723.2876
3599.2468
6807.939
4873.0376
5886.488
2808.2466
8332.583
9622.166
3977.9092
16465.768
12065.996
12656.009
40783.887
62344.254
71021.63
50659.734
17212.143
11950.43
11823.091
9494.968
1834.611
9556.799
7184.408
3378.472
9597.868
2420.3223
4518.423
4722.842
1424.028
1687.2639
4004.2087
3581.9214
1585.8445
4670.9663
1955.6615
1572.3397
3864.4746
2922.6025
2974.98
2727.2686
2461.3113
3249.1868
3422.1694
729.07404
1820.856
3908.6094
2822.6938
1136.541
336.7094
1940.6246
800.7154
1762.6765
976.4368
793.41785
2221.774
2502.054
1644.9203
6457.571
2204.7095
3405.7866
5739.6836
140.08676
6612.942
4213.318
2668.6497
5707.8774
2693.048
3834.5237
3768.2603
3534.7625
6301.8457
3392.3174
2554.9268
5495.141
1284.2062
5201.8955
3182.6008
2349.046
5997.58
1691.5581
3471.4575
3123.9565
1187.3976
1878.2104
1580.8958
1861.6403
3642.3687
1662.1158
253.61237
2493.6106
2263.297
1865.4755
2398.975
3304.4302
1876.2611
3303.5117
2374.234
1208.2214
1961.5133
2088.1216
1839.9366
2723.4785
3079.9329
2985.5032
2893.543
2616.026
3625.7695
2738.4666
1706.7936
2261.6516
2517.4158
459.3974
1990.0647
3947.3674
3374.838
3959.2063
4328.596
2964.9148
2236.742
615.70154
2667.6445
3482.2969
4474.963
5563.068
6534.3887
4344.83
2577.4453
1496.7096
2592.4297
5726.4155
7726.061
7381.094
5640.079
6052.01
5741.4375
4410.357
3085.132
4699.0723
6361.126
7383.8384
6558.0083
6980.8184
7371.112
5161.2363
3161.1216
1569.9083
2123.6687
6048.9937
9585.493
7367.2837
2469.5125
3752.1191
6442.5137
7493.228
8396.672
5836.275
1483.334
6277.3843
8927.035
7307.62
4296.74
4165.442
3882.1187
5302.726
7086.2207
5948.6416
3004.6626
4258.045
4406.4775
1711.2675
2487.4731
3844.1453
2084.623
480.71344
1778.0249
354.1066
704.77765
1978.0164
1236.4408
2204.234
2529.0942
1762.8649
967.0593
1047.8993
1503.7446
1143.0658
1399.1824
1664.5969
801.6667
2261.1497
4115.213
2905.7244
2088.748
796.08636
1151.517
614.4776
894.7815
138.88283
982.0891
701.2199
322.13852
575.994
530.00806
391.48593
946.6593
881.3061
189.34393
1131.3151
613.883
1234.2372
3338.8523
4097.0435
2659.5762
730.07764
2000.426
3439.7432
3662.864
2068.803
1534.4891
4343.0063
6590.3984
5964.9175
3412.0745
516.9391
3046.0247
5482.765
5205.357
2650.9043
2653.3337
6579.581
8260.918
6308.9385
3216.8718
1375.328
5007.844
6816.32
6217.8438
3408.0068
851.75037
4052.4973
4974.031
3998.8713
2398.136
2252.5217
4900.072
6607.6626
5339.978
2669.7551
2878.9343
3406.6401
3564.7937
3248.6587
3362.17
3487.2087
3813.652
4804.5815
4518.736
4077.669
3821.1643
1899.6467
1445.2312
3872.2117
4258.5933
5001.8335
4910.354
3305.0718
1807.5162
1689.1951
1297.6562
1152.6525
2740.0596
4209.4043
4020.4087
3188.8977
2425.133
2596.6338
3544.3962
4135.5234
4091.0352
4721.1895
5206.862
4541.213
3330.4663
2816.6511
2895.6443
3107.3328
3560.039
3570.0942
3270.5757
2750.7056
2923.8562
3710.2805
4282.436
3855.724
3174.005
3190.7898
4140.5454
4506.4326
3864.3044
3189.7842
2861.4612
2478.5737
2220.3794
2774.165
3519.0925
3970.4812
3838.8535
4542.404
4212.866
2156.875
1270.5782
1759.5967
347.2713
1586.3525
1660.6512
1086.2618
1167.319
1833.6508
3263.0403
3838.2175
3688.5632
2930.2034
1506.7892
1825.7864
2538.4978
1516.3492
1418.368
3811.3137
4447.7637
2747.9849
2511.9033
4822.129
4891.6
3245.285
2704.4526
3537.2283
3207.2273
3122.3884
2308.2598
1518.4636
4197.5083
3782.5046
723.53503
5875.891
7771.59
4782.631
3146.011
5552.0083
6977.3296
8004.3174
6614.2437
5670.595
8968.488
7509.17
4796.9155
10517.69
9877.886
2202.122
8615.49
10024.962
3901.062
5465.195
6626.779
2076.0134
4846.7373
5232.9683
1662.5569
2489.579
3159.2747
1368.6989
147.351
977.1696
2510.2593
3176.3276
2327.2634
3208.9143
4717.8926
2118.5156
2102.7131
4406.6606
2492.0896
4612.002
5793.8247
3841.1006
3880.5312
4083.366
3702.2583
4256.6143
3831.2532
3749.4956
2806.5447
1154.656
1358.7019
1079.2981
1946.8689
1729.1692
201.46889
506.98737
1024.2686
3386.8357
3365.5393
2257.8975
1213.8494
1121.1764
2672.9104
4210.4463
3965.1445
4131.6
1895.5548
1389.24
2371.2295
2328.438
3409.5432
2865.5403
115.86183
1151.7096
935.4571
1548.7845
1677.6675
1480.5936
1757.365
1358.1644
1859.891
2283.071
3515.3923
4578.26
3036.7134
1735.807
958.856
3080.5073
3992.5603
3395.3955
2264.5093
2160.7163
4026.1409
5123.096
5314.4844
3709.5144
3545.018
4042.7087
5941.733
5238.9473
4872.3115
3458.9978
4384.1123
5782.116
6537.0537
6221.029
5677.512
4613.704
4240.6636
4795.9805
4633.0156
5039.311
4898.977
5635.1416
4799.972
5073.487
3538.1646
3303.2095
3060.1333
4243.5063
4433.6943
5192.0376
3991.303
3164.347
2498.2942
2013.861
2172.793
2000.1831
2964.8423
1885.5636
2726.6475
1235.6986
1093.9661
194.24762
1661.533
1449.8531
1501.9623
1041.6758
1202.2882
1637.9015
279.06854
963.6693
487.1488
161.94307
2198.5576
1791.2516
3506.7173
3167.9468
3470.0974
2481.594
1698.6316
2699.579
4607.7744
5013.9956
5254.721
3251.761
4427.32
2559.3616
2241.2595
2486.2224
2415.7378
4424.7583
4251.818
5981.9175
4970.0015
5481.331
5146.3584
4341.564
5219.6846
3954.1917
2944.0613
4448.9507
2633.0498
3868.9297
4280.2637
5611.1196
5775.2666
3579.5942
5633.5615
2963.2834
4871.3154
4848.9033
3924.0527
5795.516
3589.0913
3919.256
3621.0002
3596.551
3352.873
727.9958
5603.2065
1410.9371
4385.9463
4113.9956
3041.4204
2914.05
4238.7817
2863.635
4653.0405
5600.529
1915.6895
3572.1953
3662.4617
2253.3096
2339.7307
7850.601
1711.8076
5111.527
8629.159
4786.1416
9691.714
14248.4795
5056.891
20759.232
51790.16
66380.8
58822.01
34694.51
7963.509
15201.854
12078.366
2528.5264
9220.811
7781.0674
2017.7198
2320.9841
7740.5156
5654.8447
3638.2266
1240.523
6509.7197
7477.31
5794.01
5377.9785
4590.22
8366.7
3724.088
3827.8738
3177.3623
4306.2383
4845.9844
3434.9631
3952.577
3908.3052
3306.4062
1581.2397
2814.8875
4200.814
2431.2751
548.75275
3826.5593
2559.1963
1442.4878
4606.7866
2489.3054
1701.349
3186.4243
4804.608
4624.5728
6618.6836
5754.8564
4713.8003
4749.582
2232.1443
2989.7546
7439.6353
6965.6904
5764.5664
3888.4956
4368.355
5547.02
1714.2794
1905.417
2853.5447
4212.6943
3949.327
4907.3105
3826.853
3452.4941
4806.158
3402.789
4009.5583
4225.759
5168.0728
5412.0215
5817.431
7120.0615
5676.5913
5299.4297
3986.3315
4318.079
3331.8784
3811.6118
2695.5808
1807.6614
3709.0142
3735.776
4170.6445
5371.456
7049.6304
8145.4404
8289.527
7655.3027
4969.3213
2226.8074
2293.416
719.88885
429.2123
549.73285
889.5451
785.7969
1848.6178
4057.2395
4613.424
4175.4595
3101.0369
1636.2577
2682.4912
4922.424
7760.9746
7960.962
9013.668
7460.616
5453.8867
5118.3745
4239.1704
4498.47
3115.9338
2686.5222
1851.4637
864.0758
1312.5671
1580.3663
2963.175
3404.9285
3537.447
1004.8003
891.9391
1548.6675
3066.0083
4106.7847
5234.881
5459.735
4972.829
6003.492
6173.7856
5580.9272
4158.269
2579.7664
2334.7935
3371.0269
2225.8066
3201.952
1941.9056
1053.0051
1917.5702
1081.7574
124.222015
950.4831
1296.0382
583.8725
872.80743
2536.6575
2218.8984
2088.3997
2613.9312
1586.3761
1895.2928
1046.9144
2543.255
3588.3857
2866.0715
2968.693
2736.4343
2242.2947
1802.1361
2092.1743
609.75464
338.2927
1574.6617
2296.2097
1399.973
1752.2482
2129.5684
1870.024
1600.2413
414.89923
1288.728
1435.3539
770.2551
312.26453
651.5548
422.0383
607.0061
766.6499
880.677
1142.9717
731.1752
761.7089
1455.035
2125.2297
872.7603
928.62006
333.4087
870.59235
960.6299
448.47363
957.96686
1784.0854
1534.565
834.7404
1316.3751
1469.1328
2053.7651
2201.8555
754.6338
1480.5377
689.8528
520.54584
622.3058
696.5728
749.39465
1037.2988
1033.605
792.9279
712.85095
1125.7163
3127.198
2492.4988
1215.1582
657.006
846.1325
1157.372
753.2602
1852.0631
2324.2156
1993.6888
1496.8562
966.7383
1135.8717
431.28046
603.1203
1508.3192
577.9269
1540.154
1810.1254
828.3502
379.58398
652.3609
519.061
696.75354
3130.4438
3201.311
2358.6287
787.6982
2750.533
3576.6047
2355.7795
2341.7988
1225.0801
2717.939
2152.4177
171.5901
1249.4117
2334.0337
4521.924
4047.8208
6585.1875
4043.2148
3595.1887
3177.307
3587.3982
3961.3975
5255.273
7534.955
6862.037
4794.256
2872.901
9759.368
13768.662
6563.362
5632.5474
9427.615
9638.687
3236.0713
5620.593
10732.802
21429.0
10732.802
5620.593
3236.0713
9638.687
9427.615
5632.5474
6563.362
13768.662
9759.368
2872.901
4794.256
6862.037
7534.955
5255.273
3961.3975
3587.3982
3177.307
3595.1887
4043.2148
6585.1875
4047.8208
4521.924
2334.0337
1249.4117
171.5901
2152.4177
2717.939
1225.0801
2341.7988
2355.7795
3576.6047
2750.533
787.6982
2358.6287
3201.311
3130.4438
696.75354
519.061
652.3609
379.58398
828.3502
1810.1254
1540.154
577.9269
1508.3192
603.1203
431.28046
1135.8717
966.7383
1496.8562
1993.6888
2324.2156
1852.0631
753.2602
1157.372
846.1325
657.006
1215.1582
2492.4988
3127.198
1125.7163
712.85095
792.9279
1033.605
1037.2988
749.39465
696.5728
622.3058
520.54584
689.8528
1480.5377
754.6338
2201.8555
2053.7651
1469.1328
1316.3751
834.7404
1534.565
1784.0854
957.96686
448.47363
960.6299
870.59235
333.4087
928.62006
872.7603
2125.2297
1455.035
761.7089
731.1752
1142.9717
880.677
766.6499
607.0061
422.0383
651.5548
312.26453
770.2551
1435.3539
1288.728
414.89923
1600.2413
1870.024
2129.5684
1752.2482
1399.973
2296.2097
1574.6617
338.2927
609.75464
2092.1743
1802.1361
2242.2947
2736.4343
2968.693
2866.0715
3588.3857
2543.255
1046.9144
1895.2928
1586.3761
2613.9312
2088.3997
2218.8984
2536.6575
872.80743
583.8725
1296.0382
950.4831
124.222015
1081.7574
1917.5702
1053.0051
1941.9056
3201.952
2225.8066
3371.0269
2334.7935
2579.7664
4158.269
5580.9272
6173.7856
6003.492
4972.829
5459.735
5234.881
4106.7847
3066.0083
1548.6675
891.9391
1004.8003
3537.447
3404.9285
2963.175
1580.3663
1312.5671
864.0758
1851.4637
2686.5222
3115.9338
4498.47
4239.1704
5118.3745
5453.8867
7460.616
9013.668
7960.962
7760.9746
4922.424
2682.4912
1636.2577
3101.0369
4175.4595
4613.424
4057.2395
1848.6178
785.7969
889.5451
549.73285
429.2123
719.88885
2293.416
2226.8074
4969.3213
7655.3027
8289.527
8145.4404
7049.6304
5371.456
4170.6445
3735.776
3709.0142
1807.6614
2695.5808
3811.6118
3331.8784
4318.079
3986.3315
5299.4297
5676.5913
7120.0615
5817.431
5412.0215
5168.0728
4225.759
4009.5583
3402.789
4806.158
3452.4941
3826.853
4907.3105
3949.327
4212.6943
2853.5447
1905.417
1714.2794
5547.02
4368.355
3888.4956
5764.5664
6965.6904
7439.6353
2989.7546
2232.1443
4749.582
4713.8003
5754.8564
6618.6836
4624.5728
4804.608
3186.4243
1701.349
2489.3054
4606.7866
1442.4878
2559.1963
3826.5593
548.75275
2431.2751
4200.814
2814.8875
1581.2397
3306.4062
3908.3052
3952.577
3434.9631
4845.9844
4306.2383
3177.3623
3827.8738
3724.088
8366.7
4590.22
5377.9785
5794.01
7477.31
6509.7197
1240.523
3638.2266
5654.8447
7740.5156
2320.9841
2017.7198
7781.0674
9220.811
2528.5264
12078.366
15201.854
7963.509
34694.51
58822.01
66380.8
51790.16
20759.232
5056.891
14248.4795
9691.714
4786.1416
8629.159
5111.527
1711.8076
7850.601
2339.7307
2253.3096
3662.4617
3572.1953
1915.6895
5600.529
4653.0405
2863.635
4238.7817
2914.05
3041.4204
4113.9956
4385.9463
1410.9371
5603.2065
727.9958
3352.873
3596.551
3621.0002
3919.256
3589.0913
5795.516
3924.0527
4848.9033
4871.3154
2963.2834
5633.5615
3579.5942
5775.2666
5611.1196
4280.2637
3868.9297
2633.0498
4448.9507
2944.0613
3954.1917
5219.6846
4341.564
5146.3584
5481.331
4970.0015
5981.9175
4251.818
4424.7583
2415.7378
2486.2224
2241.2595
2559.3616
4427.32
3251.761
5254.721
5013.9956
4607.7744
2699.579
1698.6316
2481.594
3470.0974
3167.9468
3506.7173
1791.2516
2198.5576
161.94307
487.1488
963.6693
279.06854
1637.9015
1202.2882
1041.6758
1501.9623
1449.8531
1661.533
194.24762
1093.9661
1235.6986
2726.6475
1885.5636
2964.8423
2000.1831
2172.793
2013.861
2498.2942
3164.347
3991.303
5192.0376
4433.6943
4243.5063
3060.1333
3303.2095
3538.1646
5073.487
4799.972
5635.1416
4898.977
5039.311
4633.0156
4795.9805
4240.6636
4613.704
5677.512
6221.029
6537.0537
5782.116
4384.1123
3458.9978
4872.3115
5238.9473
5941.733
4042.7087
3545.018
3709.5144
5314.4844
5123.096
4026.1409
2160.7163
2264.5093
3395.3955
3992.5603
3080.5073
958.856
1735.807
3036.7134
4578.26
3515.3923
2283.071
1859.891
1358.1644
1757.365
1480.5936
1677.6675
1548.7845
935.4571
1151.7096
115.86183
2865.5403
3409.5432
2328.438
2371.2295
1389.24
1895.5548
4131.6
3965.1445
4210.4463
2672.9104
1121.1764
1213.8494
2257.8975
3365.5393
3386.8357
1024.2686
506.98737
201.46889
1729.1692
1946.8689
1079.2981
1358.7019
1154.656
2806.5447
3749.4956
3831.2532
4256.6143
3702.2583
4083.366
3880.5312
3841.1006
5793.8247
4612.002
2492.0896
4406.6606
2102.7131
2118.5156
4717.8926
3208.9143
2327.2634
3176.3276
2510.2593
977.1696
147.351
1368.6989
3159.2747
2489.579
1662.5569
5232.9683
4846.7373
2076.0134
6626.779
5465.195
3901.062
10024.962
8615.49
2202.122
9877.886
10517.69
4796.9155
7509.17
8968.488
5670.595
6614.2437
8004.3174
6977.3296
5552.0083
3146.011
4782.631
7771.59
5875.891
723.53503
3782.5046
4197.5083
1518.4636
2308.2598
3122.3884
3207.2273
3537.2283
2704.4526
3245.285
4891.6
4822.129
2511.9033
2747.9849
4447.7637
3811.3137
1418.368
1516.3492
2538.4978
1825.7864
1506.7892
2930.2034
3688.5632
3838.2175
3263.0403
1833.6508
1167.319
1086.2618
1660.6512
1586.3525
347.2713
1759.5967
1270.5782
2156.875
4212.866
4542.404
3838.8535
3970.4812
3519.0925
2774.165
2220.3794
2478.5737
2861.4612
3189.7842
3864.3044
4506.4326
4140.5454
3190.7898
3174.005
3855.724
4282.436
3710.2805
2923.8562
2750.7056
3270.5757
3570.0942
3560.039
3107.3328
2895.6443
2816.6511
3330.4663
4541.213
5206.862
4721.1895
4091.0352
4135.5234
3544.3962
2596.6338
2425.133
3188.8977
4020.4087
4209.4043
2740.0596
1152.6525
1297.6562
1689.1951
1807.5162
3305.0718
4910.354
5001.8335
4258.5933
3872.2117
1445.2312
1899.6467
3821.1643
4077.669
4518.736
4804.5815
3813.652
3487.2087
3362.17
3248.6587
3564.7937
3406.6401
2878.9343
2669.7551
5339.978
6607.6626
4900.072
2252.5217
2398.136
3998.8713
4974.031
4052.4973
851.75037
3408.0068
6217.8438
6816.32
5007.844
1375.328
3216.8718
6308.9385
8260.918
6579.581
2653.3337
2650.9043
5205.357
5482.765
3046.0247
516.9391
3412.0745
5964.9175
6590.3984
4343.0063
1534.4891
2068.803
3662.864
3439.7432
2000.426
730.07764
2659.5762
4097.0435
3338.8523
1234.2372
613.883
1131.3151
189.34393
881.3061
946.6593
391.48593
530.00806
575.994
322.13852
701.2199
982.0891
138.88283
894.7815
614.4776
1151.517
796.08636
2088.748
2905.7244
4115.213
2261.1497
801.6667
1664.5969
1399.1824
1143.0658
1503.7446
1047.8993
967.0593
1762.8649
2529.0942
2204.234
1236.4408
1978.0164
704.77765
354.1066
1778.0249
480.71344
2084.623
3844.1453
2487.4731
1711.2675
4406.4775
4258.045
3004.6626
5948.6416
7086.2207
5302.726
3882.1187
4165.442
4296.74
7307.62
8927.035
6277.3843
1483.334
5836.275
8396.672
7493.228
6442.5137
3752.1191
2469.5125
7367.2837
9585.493
6048.9937
2123.6687
1569.9083
3161.1216
5161.2363
7371.112
6980.8184
6558.0083
7383.8384
6361.126
4699.0723
3085.132
4410.357
5741.4375
6052.01
5640.079
7381.094
7726.061
5726.4155
2592.4297
1496.7096
2577.4453
4344.83
6534.3887
5563.068
4474.963
3482.2969
2667.6445
615.70154
2236.742
2964.9148
4328.596
3959.2063
3374.838
3947.3674
1990.0647
459.3974
2517.4158
2261.6516
1706.7936
2738.4666
3625.7695
2616.026
2893.543
2985.5032
3079.9329
2723.4785
1839.9366
2088.1216
1961.5133
1208.2214
2374.234
3303.5117
1876.2611
3304.4302
2398.975
1865.4755
2263.297
2493.6106
253.61237
1662.1158
3642.3687
1861.6403
1580.8958
1878.2104
1187.3976
3123.9565
3471.4575
1691.5581
5997.58
2349.046
3182.6008
5201.8955
1284.2062
5495.141
2554.9268
3392.3174
6301.8457
3534.7625
3768.2603
3834.5237
2693.048
5707.8774
2668.6497
4213.318
6612.942
140.08676
5739.6836
3405.7866
2204.7095
6457.571
1644.9203
2502.054
2221.774
793.41785
976.4368
1762.6765
800.7154
1940.6246
336.7094
1136.541
2822.6938
3908.6094
1820.856
729.07404
3422.1694
3249.1868
2461.3113
2727.2686
2974.98
2922.6025
3864.4746
1572.3397
1955.6615
4670.9663
1585.8445
3581.9214
4004.2087
1687.2639
1424.028
4722.842
4518.423
2420.3223
9597.868
3378.472
7184.408
9556.799
1834.611
9494.968
11823.091
11950.43
17212.143
50659.734
71021.63
62344.254
40783.887
12656.009
12065.996
16465.768
3977.9092
9622.166
8332.583
2808.2466
5886.488
4873.0376
6807.939
3599.2468
6723.2876
6659.3687
9941.034
7200.6064
3794.01
2186.9783
4929.995
7701.4478
6050.634
9758.565
4750.743
3442.2666
6908.0454
7246.353
10735.447
6475.52
6289.771
6495.0327
4933.401
8541.178
7824.516
8328.513
4667.707
3003.9258
7446.6025
7759.824
6409.041
5628.6714
2934.8547
3999.2976
3653.518
3263.7732
4508.498
995.33636
1197.3418
2566.896
3084.4949
1525.4434
1541.0032
820.4858
1557.5741
1245.4531
2016.6461
1610.1915
1966.3257
3598.0151
2689.5457
2503.7427
4989.522
4081.2627
2016.0022
4310.5796
4121.7363
777.9892
2727.765
4066.2197
1495.378
3851.0447
872.47406
4501.906
2221.905
3110.1145
2401.92
2719.6694
2675.9185
2593.9163
1385.1404
2729.4285
2236.182
2544.6877
2588.7356
3428.3953
3729.914
4032.9568
3331.3306
4209.0747
2477.622
2924.0493
971.23895
1483.6564
1322.981
1643.1216
2505.4604
3989.897
3168.9634
3698.2158
2794.6375
3170.958
3122.0667
3170.229
2898.9082
2544.348
2624.2798
1767.331
2101.941
1485.9844
647.7376
1813.3668
2310.1794
3973.103
3390.2673
3757.1292
3776.7937
4596.919
4597.655
3570.4807
2896.0813
2430.9956
1622.891
3488.6204
3653.024
4438.201
4618.7905
4238.324
3718.8792
3981.1104
5474.124
5410.483
5612.6406
4979.119
5150.267
5658.392
5356.7495
4092.79
3178.2244
3342.0405
4108.6333
4566.969
5577.8833
4945.4077
5264.2007
6215.7837
6235.0806
7029.677
5343.3413
3782.2336
1609.9414
1895.9017
2500.9814
3235.918
3322.935
2918.9658
2087.319
3071.0327
3221.5315
3831.7842
3547.3628
2702.1736
3921.032
3868.7664
3459.3108
1520.3777
286.01358
1620.5017
1987.6737
945.9292
1886.0188
3240.5886
2846.7363
2867.6956
3266.1702
5171.971
6018.3965
5138.346
3784.1172
5289.2334
7827.87
7074.678
4547.643
2031.7844
4726.5215
7087.843
7228.8687
4516.856
2553.6707
4606.32
6097.3594
5859.7334
5349.794
5719.9043
5706.702
4466.868
3660.9312
4307.61
5874.313
5768.2637
3478.2673
1542.9972
1668.8602
3245.3198
2312.8564
1414.2375
380.90125
975.06366
1494.5013
646.4078
630.4837
1310.3148
1807.8643
411.6228
1146.9152
393.30197
628.3984
1736.3992
3631.1804
3346.418
2369.3381
1211.5074
617.9831
3104.0217
3534.166
3755.0566
3356.5667
1449.6542
1657.8021
1688.3326
3546.0442
3274.624
3217.9192
2748.7795
2424.3186
3608.7498
3390.3196
1708.1628
3081.091
1950.1888
3062.6174
1808.7628
3591.81
2955.8325
3538.1003
2840.2805
1380.5046
2359.2166
3258.1082
4459.9077
5661.1606
3306.3313
5240.094
1615.852
4494.451
4171.138
5704.75
4364.787
3017.192
3686.402
2853.3025
2625.741
3987.1272
1808.7745
6100.657
1548.478
6379.5786
3967.5784
6535.34
6916.4355
4911.714
6145.1484
6074.9478
8917.455
4047.9937
8910.518
4471.6025
4996.1133
3540.8337
7222.654
4744.271
3460.7512
4375.5312
567.2577
2191.819
1035.4928
2141.0112
2359.6582
773.99475
3268.4087
3293.6917
3100.5798
1640.5999
1770.636
1861.0209
4262.61
3750.1353
1801.6663
2657.7776
3584.6155
2933.932
3810.6785
6733.167
7367.792
4616.379
2591.6836
2350.3403
1232.5961
2646.9817
5806.6387
6687.5522
6508.7354
5983.7607
4531.901
3074.524
1425.6416
3312.7698
5240.7983
5085.269
4193.2866
5674.333
7670.9175
8184.7993
8300.277
7811.6978
5200.352
2221.2612
3124.2012
5535.4087
7292.175
6759.3945
6254.65
6156.29
7112.752
7472.177
8615.394
7061.695
4306.193
535.72736
4333.0737
8177.5156
8617.645
7392.881
5537.9546
2544.951
2910.9326
5270.1523
5140.521
5053.721
5137.7817
3229.9612
5178.4136
6646.506
6400.7363
6563.6577
5204.844
5328.0127
3304.2075
1804.9651
1993.2661
3455.9573
3889.5151
5584.851
5206.854
3857.4602
4239.2905
4000.3147
6242.3467
6936.799
5147.914
3932.8118
960.3013
1694.4089
3372.225
5127.512
4457.8257
3527.8235
1726.5994
2125.978
2315.466
3114.9763
3892.8142
2537.6418
2531.331
1460.2932
1737.9398
1640.3156
2128.4172
2329.3174
1880.0016
2276.1067
1206.1467
799.0073
1125.4894
2021.5792
1517.3324
1240.7722
1566.8436
1704.564
2203.2493
1768.1215
2916.9722
2377.7544
1873.2169
1574.2731
2514.0632
2308.6519
2742.6519
2239.8752
982.8357
862.637
1959.4333
2220.1284
1347.815
3030.5715
2072.901
1038.9845
1004.1144
1595.0251
3372.7144
2363.3254
2609.4475
1334.2904
1397.4138
2792.518
4776.715
2524.2927
3368.029
1051.6426
3094.8945
4118.881
3743.5498
5727.882
4087.5234
681.1108
1784.5121
4360.208
5502.2637
5846.4263
5050.3584
3591.6719
4153.6963
4613.516
2975.4802
6649.9224
10640.566
3455.1018
3989.585
5733.9546
10908.121
6864.1333
7047.0903
12644.809
6760.0093
4866.1743
6163.6724
10939.177
8759.053
4178.3784
11546.307
5405.877
2057.1912
2262.667
7855.945
6478.3115
4798.738
6736.7427
4219.9644
180.53679
2286.9465
2650.3948
5446.687
4985.7417
1939.774
2696.325
874.9057
2549.3896
3256.4636
3582.5325
4490.3716
1978.2979
1304.8132
892.8249
3002.4927
3125.1172
2876.489
4613.849
2983.675
1968.5972
3174.421
806.5974
1439.168
2767.389
1011.37964
3331.6602
2281.2195
1455.8561
2350.3164
1710.315
943.3703
1487.7495
2794.5208
825.578
1339.5217
1968.0524
1166.8278
1670.8815
2964.9514
311.92212
2937.3562
645.41284
1641.3113
1053.7845
4422.614
1615.2667
3393.9534
2303.5024
2249.0503
808.0989
4312.83
628.91016
3986.5193
3974.66
654.87714
5212.579
886.329
2449.5176
2438.4666
4645.269
1213.4038
3637.9736
5151.248
2576.7048
4705.0874
7921.2656
2405.5442
9858.356
10264.729
1330.5756
15344.659
17059.717
2722.233
38660.535
67240.85
74438.63
65836.766
31518.656
6172.8516
15916.168
12459.205
1891.7638
9524.814
11687.07
5148.5195
11332.929
3989.591
9459.585
1942.3994
6413.5303
4556.6704
6409.266
6034.1367
4047.322
4922.5073
3666.7747
5387.7896
5630.1357
10287.733
6643.7603
11309.685
8872.331
8734.088
2065.3984
3433.9194
2321.6453
3994.0376
4025.3745
4812.7715
8517.892
6722.6177
9394.402
7131.587
6912.851
1548.597
3603.5566
3282.3894
2316.1753
7175.1143
6633.051
6822.059
6027.19
4087.334
3819.7124
3161.5007
1811.6023
1764.6882
2964.3533
2828.6672
4158.153
5730.973
3704.4248
2932.578
4429.3643
3745.226
5106.6343
8832.198
8962.479
6741.6284
7038.3276
9125.355
8680.213
7301.815
8897.537
10121.803
8409.338
7181.208
7596.181
8993.877
8503.127
4139.4854
5981.5557
6766.1763
5289.0986
3503.3098
3594.7322
3455.1611
2221.3123
738.42975
872.0954
1042.167
422.72556
791.74225
1721.8058
1680.1217
2138.0332
2601.465
918.13635
622.95667
3433.2766
2638.0461
895.5354
1431.4513
418.00043
2001.6858
3321.458
1508.3195
2280.285
3971.573
4087.2192
2404.946
3008.1357
1819.266
4540.009
1853.3425
3339.6736
2958.7961
6376.612
3508.6936
4152.235
3765.1843
4418.746
3364.2183
2549.3335
4116.564
3853.9456
5061.2954
3000.035
4172.016
4599.4204
5188.416
3880.9526
3348.9844
5043.59
4163.3213
4366.458
4625.101
6173.8667
5470.5986
4338.937
4460.9165
4616.855
5510.1562
4102.9443
4432.5967
4822.145
5590.382
4323.4995
2430.7078
3816.6516
3189.884
2930.5
1838.1171
2947.808
3118.3801
2975.576
3562.054
3932.4324
4178.9023
1970.0962
1339.6747
1823.582
2075.6836
2128.742
1615.3507
1320.9648
2670.5554
3096.5635
1167.916
2066.795
3011.5671
1945.5276
1302.4796
1627.8113
513.8097
927.3955
700.08325
1507.4897
1680.9165
930.9332
2362.3408
4143.026
3749.8284
792.04095
3463.7158
4180.5664
1844.0994
1859.5013
2795.2659
1518.9825
703.3769
1371.4902
998.8729
2459.309
2641.173
2595.8657
3718.391
3050.0034
1585.4764
3227.1904
3223.8357
4232.1787
6000.145
4340.6665
3996.452
8513.822
8755.623
4006.7644
6099.633
10155.514
8937.714
4578.078
7166.398
10313.796
9870.302
6989.435
4585.943
9004.666
11457.736
7622.211
1495.5387
9026.385
11000.303
6199.2227
3298.242
9072.525
9568.396
6160.668
3035.7356
4731.289
5831.947
5058.7227
4262.505
3988.3904
4506.768
6225.5986
7198.418
6039.036
4093.1619
5368.8667
7292.027
5959.772
3422.742
4090.2998
5822.4473
5204.543
3474.05
3654.6514
4724.4336
4568.8423
2967.6025
2760.515
3795.7134
4791.0986
4814.944
4192.703
3317.6194
3416.2039
3838.5728
3273.0776
1883.647
1983.512
2453.9197
1934.7291
1558.777
2911.0713
3203.6467
2677.6318
1835.7577
1407.8173
1489.4387
2224.0312
2917.111
3365.2402
3365.2234
3561.4543
3254.2844
2376.3237
1768.3667
2230.7834
2561.8125
2167.857
2748.9329
3965.0356
4279.985
3589.7878
3487.4114
4128.165
4394.887
3283.5862
2041.602
898.9174
623.6945
1259.5161
2411.681
3748.03
4942.2407
4790.4897
3257.1802
1828.9131
3591.6174
3809.7483
1748.1439
2242.3394
5414.2656
6091.6343
4245.321
2536.1099
3915.7449
5057.913
4306.3584
3024.8572
3677.1057
4379.799
4470.7666
3864.0823
4302.325
4622.1826
2992.1875
3550.569
6565.5166
7922.205
6013.2695
920.43805
4826.65
8266.739
7555.9316
3494.2612
4403.648
9190.051
10816.222
8159.419
4356.82
7941.7793
11105.517
9979.153
5131.168
6622.647
12068.771
12602.093
8423.045
4409.342
8363.83
10924.731
8348.735
3999.3462
5045.7173
7751.0957
7463.8413
4139.932
3252.2295
5233.0415
5611.1
4705.5737
2326.784
1459.4703
1732.1786
1551.8818
1201.3203
460.00894
241.40755
1169.289
1973.1383
2243.5432
1883.3054
752.90247
2385.897
3983.4219
3426.171
2271.553
774.99164
2804.791
3045.6047
632.9273
1732.5438
3982.3003
3749.6926
2290.6912
1791.6084
3059.2874
4926.525
4407.1978
3530.2852
3490.4556
3294.8108
4791.3506
4814.475
3970.4124
3689.9128
4906.701
6068.207
5776.462
3065.0935
3354.916
6115.549
5227.192
5053.337
4246.673
5303.728
5548.3706
3670.3716
5056.2725
5920.07
7164.9854
5935.7163
3852.6377
3719.9915
5044.891
5638.7686
4553.9697
3745.9783
3480.3154
6974.13
4871.6445
5097.923
3835.3323
4703.5
9116.476
4007.6755
4992.238
4048.6357
3483.397
7867.69
1798.7762
6061.058
5066.7983
1480.2382
4804.1685
2119.5566
6570.2036
5724.6807
2693.1724
3238.7563
3453.1228
7040.5073
7433.694
5088.512
2547.6084
3981.5303
7363.974
7734.046
6580.401
6270.6895
6782.8237
8475.703
6405.7524
5356.461
7755.713
10013.478
10285.867
8474.633
6914.243
7066.874
8493.902
5082.984
4014.5872
7653.433
10666.162
10118.496
4925.311
725.69946
4533.733
7612.9185
5934.2275
2929.0652
4275.405
6189.4175
7542.537
5667.5635
2601.943
4943.7544
6140.764
4898.48
4993.077
1684.1771
455.82605
1863.8374
5023.2837
4792.8745
4570.635
3330.595
3507.1252
6360.8267
4741.659
3707.928
1519.3782
2352.8357
2835.7808
3881.1152
1777.1414
3777.0786
6703.3926
4617.346
4779.5137
1720.8151
2666.8936
4416.799
4491.698
2220.9001
2755.603
3790.8013
3296.4492
5348.9995
4366.9946
2029.0594
2080.759
4647.704
3143.7356
5213.748
1112.09
172.01953
3805.7532
3494.6858
2318.2507
2163.5012
3667.926
2137.6042
4769.7085
2396.2651
1279.2888
5234.4653
3117.6885
3348.5088
2688.8884
3739.6736
2225.4644
6891.6055
1365.2516
3005.3967
4271.4917
5655.6963
6029.1846
5910.5654
4112.747
1558.0619
10483.693
6407.5605
9124.955
2921.415
10323.643
5171.8984
17956.264
1477.1654
11043.198
16060.766
21046.623
21396.553
62417.34
84779.586
97742.4
56481.746
19629.797
6918.322
24975.564
7582.2354
14428.782
3983.3267
11715.657
6216.518
15182.638
3795.5425
8357.417
4312.985
7860.224
6554.523
8161.318
2691.7412
3750.9792
4582.2627
4677.197
5692.3135
3545.7847
3170.769
1419.1241
3783.79
2050.9927
2829.8708
2659.272
2062.2205
1411.9781
2864.5784
1958.7635
3167.8557
1788.8046
2658.3154
1534.5435
5123.0366
2527.6018
3967.5266
749.32544
3267.8872
2193.0935
5564.3296
3960.6172
5312.241
2062.2117
2320.8613
951.48505
2709.013
1907.8353
3523.2559
805.1256
2381.4048
390.20923
1959.1919
851.93976
1009.8046
1464.7465
2565.1814
1975.952
4290.7197
1471.4753
1889.1381
2558.0881
2677.7795
4504.7197
5106.135
5453.618
5021.048
3049.2974
2766.8298
4289.153
4801.364
6699.2803
6722.0015
6892.1914
7329.5444
6423.2847
5875.498
4698.994
4166.588
4599.199
5811.87
7540.4473
9544.808
7867.666
7338.2603
5048.17
5168.8037
5475.229
6860.3853
7116.293
8865.552
8246.722
9045.77
6855.91
5889.0547
3462.144
4284.515
5085.7373
7325.748
6570.9985
5162.77
1942.602
5601.466
6347.4814
6461.853
5478.788
4668.735
1426.6613
2319.8647
5213.9946
7132.8716
5433.2676
3495.7107
917.3259
2070.8423
5225.4536
4823.4893
2909.4597
2427.2568
1208.472
2368.62
4054.7505
3604.7083
3389.884
260.16306
3374.418
960.35394
2685.2534
1528.3229
2353.1802
2424.669
1027.1617
2166.496
1073.0498
1685.6971
3883.8245
2512.3948
3339.3733
4356.323
3828.0256
5317.7007
2587.9465
6517.62
5446.212
5226.328
6460.6807
3360.243
7333.584
844.607
7168.8965
3140.1821
5423.3545
4940.557
3386.0957
5914.942
4275.9204
6873.456
6038.321
4962.365
7217.811
5639.9526
8055.786
6444.2046
7859.394
7814.5005
8111.3516
8489.905
7436.968
7571.896
6963.179
6583.6313
8303.566
6740.1274
8542.017
8053.794
7306.4487
6603.069
5481.5425
6967.7676
6411.4
7542.007
6625.8096
6541.8057
6522.518
4885.08
5412.526
4044.253
4266.01
5500.671
5742.257
5747.364
5249.2373
5128.208
3064.3987
2097.3806
1426.5881
705.8109
2477.5369
1570.7693
2016.5468
1828.1713
2054.5452
1736.6942
1880.6086
1420.3223
1664.8499
914.9396
1363.3849
2576.64
3407.6443
2483.909
2793.5676
1447.6324
1983.782
835.6443
1200.7516
2478.831
3430.852
4587.176
4713.197
5778.2754
3369.4197
4587.448
3381.96
2487.7551
3913.6548
3596.354
5411.053
5615.127
6137.1904
5786.83
5904.608
4157.3877
5008.85
5143.8564
4474.213
7375.2017
5680.563
6989.9507
7525.4653
6823.747
7056.675
6312.9946
6092.947
5831.1216
5956.9565
4133.5405
7390.3774
5635.801
6724.5317
8533.218
4772.2275
7908.7974
5431.434
5728.856
6389.3345
6411.6387
3909.5742
6736.004
3653.0938
6860.401
8821.385
3482.2556
13206.248
5297.061
10642.657
11402.461
6461.915
12666.843
6289.92
10848.483
8870.408
7381.4014
9402.856
5194.088
7232.407
6166.442
2850.8896
3184.795
1706.8258
3203.8718
3260.2898
2197.2703
2375.1475
2935.2686
1948.8937
3492.1252
1866.9708
6942.768
7033.0767
2759.4685
3962.4739
377.37448
5563.2373
7721.7905
7855.878
7716.8857
5061.246
2673.7505
5444.297
6106.5825
9897.191
8520.565
6846.794
6354.3887
2863.8733
7088.2114
8607.237
8775.624
9444.666
7077.6445
5359.403
6662.0063
7265.974
9455.387
7429.9146
7624.2417
6739.639
6634.445
7979.655
6655.561
7496.9604
7893.5566
5677.1973
7468.683
6858.4414
5750.6284
6761.7437
5267.092
6581.687
5744.494
5590.655
5281.8486
2943.6328
3836.1716
3133.9946
3852.1123
5410.601
1909.2261
3584.0972
3580.1965
2036.5034
4429.6074
2931.999
3510.8215
3089.5723
3091.4893
3519.9187
2947.5745
4161.151
2233.5444
4620.891
4015.975
3460.8833
5861.2666
1869.827
6136.063
5535.9263
3271.578
4554.3203
3894.1147
5091.034
4867.289
7031.8027
4569.748
6050.7515
8775.616
1108.9362
11132.825
8210.869
5962.674
13831.3545
4321.0703
13367.181
13056.034
5548.969
16625.807
7471.4097
12177.278
14335.995
5053.63
15586.576
8861.25
7631.5986
12739.519
2334.5527
10252.072
8061.7183
2841.5847
8583.842
4039.4412
4369.4517
6120.687
4199.9087
4299.3823
6325.057
5050.2134
4180.2314
7623.3096
4658.5786
3981.3633
5792.4526
1709.1576
4627.7686
4101.416
3831.1875
5466.595
4675.9395
4191.9883
4840.616
3969.0693
4618.7104
6713.3647
3444.7573
5806.594
6405.828
3629.1445
6880.7134
5464.647
4870.233
5744.3013
4812.7144
5384.271
4712.034
6366.908
7039.1636
6442.127
6902.09
6847.063
3879.8853
7513.177
6124.492
6943.322
10393.407
8562.56
7052.3164
6397.8843
4366.5044
5095.4526
5245.261
8028.896
8662.676
6316.108
7507.07
6640.0474
1721.6183
7574.5957
5835.9507
6162.915
11667.937
7901.25
4769.078
5855.116
2664.2913
5631.8613
6935.918
8115.236
9036.387
3359.1138
7625.864
5194.603
5595.9805
13230.802
5513.7856
8661.878
16530.143
6942.428
10646.908
14389.064
8596.398
16261.729
15799.559
10667.748
15313.935
11195.189
13877.036
15547.057
5888.998
12398.395
12981.951
3984.2341
11006.969
9061.881
4584.2583
8970.029
5996.222
5689.061
6725.6562
6564.5566
4630.137
4647.5186
8132.2856
3029.6785
4791.752
8668.72
3424.6138
5089.917
7398.726
3718.0503
6040.3433
7143.5664
4911.6924
6375.442
6487.537
3620.023
4674.99
7427.807
2807.6575
4890.645
7338.9624
2005.4325
4213.386
7565.8384
2958.637
5666.442
8071.628
3001.6687
6574.6655
6240.3286
3994.4614
7740.4272
6372.9507
4146.357
8895.446
8307.921
3269.443
11085.158
8315.542
3851.9612
11877.039
10372.882
4460.511
14806.783
14150.105
5523.579
20554.602
27220.912
6796.652
49893.55
100114.34
126401.58
104247.086
57803.65
13424.561
20456.51
27659.21
10122.245
8228.536
20231.389
12437.32
2111.7612
19252.807
11914.298
4942.9395
20455.041
12205.125
5739.071
18206.828
13930.239
10640.509
15734.684
9353.334
8246.525
14484.519
8969.393
7703.3477
9415.28
8151.568
10508.187
5528.0522
1834.008
6462.9194
6547.91
4514.368
5770.1807
2336.9634
1323.4702
4086.135
2711.3142
5514.592
850.3738
2584.475
3927.9448
3032.9717
6628.5454
2939.3616
1584.157
3807.939
4928.874
2633.5137
3667.9568
2199.3127
2023.4236
5397.744
2791.3438
4249.6475
1215.6893
1403.5275
5450.943
3539.2476
5081.9297
3399.2522
1783.8849
3014.2942
2841.6797
2455.114
2607.166
1963.7264
2693.697
2250.0696
1574.8951
2526.756
3012.0454
2242.3977
5538.234
6005.406
4997.643
6764.8823
6878.954
9003.122
8496.631
8178.3823
11454.562
10961.803
11694.776
11979.747
11248.962
13052.624
12091.97
12521.018
12339.098
10454.567
12363.032
12784.173
13578.787
14002.27
12109.968
12676.23
11001.354
10518.074
10792.498
8331.884
7916.8994
6724.6396
6539.748
6918.802
4436.9155
4825.7954
4453.3154
4202.7427
3495.889
1193.2585
2257.2227
2028.9299
2573.669
2231.414
2343.532
2019.9951
2545.9475
5576.4775
5175.3022
5082.8657
3624.86
4364.2383
6427.175
5172.4033
3830.507
576.2317
2460.9714
4509.9336
2627.7244
1429.8043
1875.2598
2738.5571
3572.5508
1944.7568
2009.0507
2004.4017
3462.097
5262.6294
5253.7505
4761.3066
4010.577
7428.8345
9328.4375
10117.743
8685.253
7104.5264
9803.082
12203.432
13631.095
11354.127
10270.838
10514.7
11761.851
13164.282
12020.151
11094.124
9851.482
11498.948
12364.164
13114.488
13016.393
10788.187
10483.367
10503.057
11618.646
10417.007
9466.481
8232.701
7493.6455
8878.539
7919.361
7017.6875
5999.0664
5638.5156
4609.846
5012.619
5212.821
3430.2
3371.9092
1967.4432
687.4862
1979.6259
1962.6696
2189.9976
3894.7761
592.298
3053.1748
4681.3237
2197.284
4806.971
3547.992
2609.736
5523.0195
4744.182
3404.4138
4455.119
5203.725
6834.7817
7863.2764
6957.7144
6355.6504
7359.963
8498.75
8566.594
9208.044
7526.6455
8867.486
10043.7
11136.645
11142.393
11255.707
11041.202
12376.843
12959.893
12189.819
11103.8125
10208.378
11493.675
13586.0
14160.288
12616.64
11384.597
10766.043
12055.303
12922.073
12544.796
10769.525
9633.559
9394.771
10879.291
10566.585
8856.336
6638.7114
5569.104
5922.615
6599.34
6115.0044
4583.2197
2989.6616
2421.699
3367.4214
3607.4924
3531.1375
3072.3455
1952.539
2037.5056
3939.1208
5280.4707
5790.283
5512.4644
5212.762
6050.666
7896.4487
9874.441
11085.837
10851.293
10099.624
9287.266
9387.034
10734.005
11759.521
11480.894
10780.705
10002.923
9873.412
10121.906
10697.91
11138.36
11125.489
11184.167
11185.182
11233.8
11979.805
12335.33
12024.614
11999.208
11877.798
11556.657
11069.578
10990.124
10674.163
9726.665
8700.018
7621.2183
6581.7446
6341.5493
5780.995
5136.71
5068.2095
5066.802
5041.405
5348.0405
6211.387
6450.944
6144.86
6269.007
6570.3477
6521.0806
6693.946
6056.4414
6151.126
6229.08
6138.7295
6643.13
8047.2676
8870.506
9282.701
10515.651
10634.863
10481.228
10599.076
11125.141
10973.237
11544.302
11481.479
12822.959
13222.05
12771.994
12728.692
13466.008
12652.798
12333.693
13573.319
12468.861
11651.802
11296.5625
10645.77
9641.223
9457.421
9273.344
10381.0625
9756.381
8040.4336
10049.569
10638.488
7178.7803
8537.365
11612.61
7385.7964
8910.626
12857.663
9028.133
7496.3833
11939.729
7708.3438
4873.3354
10073.044
6813.973
4670.638
8583.754
7257.1255
6279.924
9809.123
9095.498
8309.04
11230.157
10840.629
11170.328
11124.677
11956.293
12444.209
11229.574
12533.557
11838.903
10751.401
11006.566
11630.215
10476.662
10845.383
11026.83
9033.824
9660.148
8964.397
9054.19
7875.485
8132.3105
9251.792
8506.982
9291.846
9460.05
9839.558
9610.886
10538.041
10225.644
9733.389
11153.419
10410.911
11544.844
11719.795
11281.72
11031.102
10434.362
11985.137
10578.158
10443.014
11286.009
9587.416
10576.687
9490.627
9768.603
10856.366
10449.524
11444.549
10897.371
11724.185
11301.541
10967.6875
11882.854
10131.114
11557.259
12445.5
12067.971
12343.076
11569.537
13095.278
12543.088
12523.933
12262.363
11392.272
12376.007
10908.691
11258.5205
12296.823
11145.439
12489.546
11699.102
11045.482
11715.91
11284.051
12073.205
10558.217
10832.499
12177.458
9410.613
9035.566
9282.32
8788.311
9589.164
7531.3467
8574.489
8829.396
6856.5967
8814.721
7479.648
7602.9644
10141.996
7972.246
9567.787
11374.694
11869.784
11804.618
8723.459
12543.179
14356.271
9502.703
11597.855
15460.218
13995.2
10231.855
12157.921
16003.382
12246.585
8720.952
15726.525
13575.45
8135.785
12492.52
13737.011
11874.403
9604.521
11657.593
14213.907
9369.731
9119.305
13343.632
9761.22
9224.026
12845.923
9895.8
10392.076
10901.531
8379.146
11406.554
11978.084
10224.576
14081.219
13039.084
11325.7705
14803.573
13261.93
13838.689
14437.241
11199.143
14724.666
14509.939
10282.238
14648.587
13065.367
9774.647
14343.155
11000.633
8859.175
13439.257
9355.031
9136.195
12202.88
6980.5293
7995.73
11405.874
6359.667
8454.183
11694.309
4298.308
7476.7056
12907.184
5600.8228
9745.833
12550.961
4371.4165
11402.94
12307.779
2549.036
11765.99
13969.395
3587.0999
14587.51
14843.413
3233.626
18402.025
16537.596
4379.574
22018.697
18606.666
6682.343
29359.102
23029.152
12920.071
43751.438
37958.887
28848.047
120702.94
187359.8
197823.67
136636.3
52504.45
22582.44
42982.21
19632.59
13467.785
23744.184
14070.747
13020.568
12381.258
13235.594
5084.8896
14300.475
6525.19
4982.4653
12006.542
6131.3535
7754.9517
5812.3633
8200.032
4033.2178
8218.344
4976.553
2328.9102
8710.916
3240.8262
5298.2505
5151.708
4911.25
4698.7485
5523.8574
3186.8088
2536.058
6004.9487
1716.2593
4215.5845
4022.2188
2096.149
3589.811
3617.0898
1892.711
3447.575
3285.469
1980.0696
2654.534
2834.5454
2604.6384
1437.2571
4370.0854
661.3883
3147.4202
2400.9587
1609.7366
3347.8218
2128.5127
2068.649
1926.185
2853.573
1309.4751
2257.7456
1864.8373
1959.2709
1729.168
2637.0034
1400.6884
2519.8987
836.27435
2922.0225
533.971
3300.4624
205.69157
2594.5747
1040.6426
2864.2795
459.66656
3657.8936
1448.2646
3475.9922
1197.1284
3558.6367
952.38464
4171.6494
1864.9263
3952.3623
1659.4438
2313.3276
895.4945
2859.0881
1045.8677
3599.7847
2127.0952
3558.8699
1754.4822
3316.437
2523.0205
3507.6924
3072.3958
2548.522
2504.9514
2654.9294
1963.053
2782.9854
2543.451
1768.5314
1650.5344
1252.9663
1194.733
2199.2446
1632.1338
1443.956
2258.5437
887.3303
1900.9647
1307.7738
1529.8352
1221.1447
1333.6628
407.73248
1396.3717
753.271
1313.4781
624.4459
1897.3806
651.56384
1309.5742
760.7294
1451.0681
2029.8145
1063.274
3009.417
1175.3867
2552.1968
1138.6489
1666.2002
1604.9141
1092.0964
1730.2625
658.0268
1913.4874
26.652071
1789.4384
1429.4305
1791.7524
2443.0662
1144.5624
2868.8667
2126.43
3546.0435
2487.7773
3317.261
2693.8804
2286.6062
2932.6985
1347.8867
2406.4126
1676.9918
1866.3936
1792.4696
1211.8362
2826.2507
1282.3206
3115.9668
2545.1262
3098.4653
2057.9387
1156.5966
1838.1113
384.8177
2334.1038
761.25525
2413.867
1103.3379
3089.6562
1833.1759
2570.9626
2608.4143
1986.4991
2641.559
107.77786
3085.172
1306.187
2400.3655
2000.2097
1165.1921
2014.7839
997.1385
1866.468
1848.8724
234.59764
1998.4541
1369.5134
2466.4966
1740.6475
2587.4026
1191.6451
1532.271
1481.3474
1372.041
1383.7886
2603.7136
843.6655
3733.7656
1274.1038
3570.1423
2440.4514
2502.9814
3211.7556
3737.566
1844.9464
4003.357
1245.1244
3871.1965
1685.3383
3432.8013
2573.234
3267.7998
1112.9397
2894.9016
2840.1292
3924.4465
4921.689
7010.938
6519.3184
10811.495
7260.765
13472.123
10672.813
16690.766
14138.105
15465.312
15398.981
13356.483
13009.924
10545.151
11828.577
8723.593
9348.199
6784.825
6708.5894
5820.2197
5146.281
6198.208
2718.4119
4712.3374
838.4081
4430.439
2815.1355
4658.255
5275.795
6268.5957
5894.1436
5833.099
5017.9976
4735.393
6707.306
5093.8765
3804.6929
2030.399
1485.7885
4808.226
7427.8823
9098.002
11781.416
13747.733
16813.129
18632.87
21508.576
21264.926
24716.848
24482.943
27907.969
27566.559
27540.12
24011.586
24139.875
20454.35
19233.316
17271.934
14817.96
13461.724
13241.441
8723.325
8391.117
6274.948
9051.108
9043.901
8986.532
10259.227
8437.203
7469.12
4295.7476
5637.4976
5517.77
8105.4736
7573.4644
10174.886
11113.575
13850.229
16606.854
19109.795
22161.037
25613.121
29006.557
30170.217
32378.225
31994.666
29215.613
28401.594
29333.377
30394.37
29446.197
28694.23
29792.443
28731.07
24951.264
22040.137
18647.504
16176.184
14176.705
10444.995
8148.347
6152.0977
3214.9497
2362.499
4981.5684
8993.262
12863.081
17649.738
21829.492
24263.377
26100.838
27781.082
30065.47
30882.4
31463.39
34663.734
34956.47
33830.105
37565.086
40977.2
41211.45
41113.883
39137.316
35408.3
31634.738
27708.012
24352.965
21030.658
19495.344
20674.93
19723.332
18614.072
19928.557
18574.93
17108.867
19378.227
21007.047
22998.479
27002.783
30108.709
33551.38
37346.785
38266.516
40039.527
42505.285
40642.133
38087.203
35902.65
33047.777
33392.246
34578.87
34163.55
34541.895
33314.36
31948.59
33217.6
31758.059
29702.717
31274.023
30614.889
30704.81
32187.84
31318.32
33959.316
33661.215
32356.584
33809.566
33824.613
37803.113
38504.688
38041.145
40177.625
37763.254
37463.992
36635.047
34387.113
35726.133
34574.215
38096.395
41843.11
40857.723
42581.277
40792.055
43093.78
42287.758
39704.492
39954.477
35766.363
36353.582
32052.404
32581.75
31362.059
31695.402
33812.688
33067.37
38847.883
38466.4
41711.242
41279.51
44278.344
48942.77
49298.59
51363.707
45563.637
46282.883
41554.82
43680.59
40508.285
41312.086
37648.67
36275.145
35536.09
33647.324
35507.79
34600.03
40379.87
40973.367
47902.258
47415.31
54423.402
51857.86
56041.67
50183.207
51691.82
44458.703
47216.254
41381.324
44703.55
39498.25
43723.742
39398.184
44798.695
41996.63
48953.848
44302.82
49551.445
43449.11
48218.734
43106.656
48428.05
44638.273
51249.082
49728.113
55782.81
53852.105
56391.332
53640.586
51592.363
52063.55
45257.63
48404.617
40761.43
48446.273
42988.453
51721.516
47848.566
53578.28
52952.0
52027.68
56082.684
49242.35
56374.168
47004.145
54782.27
48858.504
53563.492
52818.125
47066.723
53529.12
44173.426
55127.83
51010.887
54270.28
60178.32
52047.133
63944.773
53771.234
61335.453
61441.3
54514.63
64965.465
49960.94
57746.332
54447.36
46907.03
59437.93
45200.977
56246.797
60164.53
49007.27
67340.61
55616.777
59946.69
70093.33
49651.555
66200.9
60609.94
46988.207
69127.266
52145.68
51147.387
69124.2
43220.867
59002.773
70433.56
38194.38
69292.25
67082.73
36862.664
77413.2
55335.43
37734.62
81092.05
47443.215
46263.312
101430.38
49230.047
77746.66
152331.1
64215.26
190930.62
468828.0
605060.06
522255.6
287203.12
69357.36
106683.09
100125.375
35825.656
60437.996
58957.207
24339.697
43736.348
39099.344
20720.873
33687.05
28459.984
18862.645
27173.113
21726.854
17516.328
22301.068
16947.775
18457.072
16327.865
16680.102
16281.416
13380.736
16778.365
12630.128
13213.624
14862.162
11260.358
12226.102
13898.676
9833.339
11414.967
12628.125
9172.675
10936.128
11606.247
8414.826
10547.017
11135.254
7067.126
10981.782
9142.119
7741.323
9548.394
9254.067
6936.8164
9426.764
7897.7837
7672.706
8111.1094
8485.373
6325.96
8522.811
7427.449
6748.037
7199.5073
8380.876
4707.4414
8708.357
6864.8267
5656.4097
8245.358
5775.0015
6523.207
7569.8027
5107.665
6632.4688
6415.2646
5862.9185
6120.082
6214.2925
5839.158
5738.5054
6063.578
5438.254
6184.155
4989.403
6075.667
5289.478
5741.1777
5231.0806
5394.2197
5017.274
5866.6284
4545.8945
5692.7627
5103.4805
5155.277
5039.716
5316.9673
4720.4385
5072.5312
5024.437
4684.4766
5492.6875
4479.597
4692.3154
5278.2407
4090.9739
5527.1865
3682.4287
5292.7466
3900.763
4964.058
4869.4263
3950.657
5118.8794
4315.203
4062.493
5449.401
3649.2505
4325.3613
4868.893
3994.9531
4166.5723
4967.012
3368.2075
4617.409
4220.508
4035.494
4137.28
4885.231
3003.859
5022.438
3912.8472
4101.2573
3946.8264
4159.4897
4093.7898
3735.686
4401.0356
3289.95
4483.217
3529.366
4237.056
3799.995
4058.7493
3793.9646
3496.0151
4355.1655
3637.8477
3356.5798
4449.49
3271.927
4383.5767
3314.3816
3947.0388
3605.243
3763.7017
3532.1753
4138.4097
3116.642
4404.739
2759.3083
4456.904
3420.47
3368.4954
3613.4448
3863.975
3550.365
3776.6614
3535.788
3340.9614
4018.8171
3051.5464
3834.9204
3824.5676
2994.3806
3720.4597
3584.1602
3575.5474
3294.7312
3556.3013
2986.8582
3979.943
3274.669
3107.6948
4021.3591
3383.0134
3028.471
4093.4788
3064.0625
3364.38
3426.6125
3588.7266
3376.8433
3658.4927
3028.953
3280.3188
3502.6077
3572.368
2558.4019
4135.2993
3146.1936
3015.6516
3976.8438
3150.2905
2859.1033
3585.0315
2875.5283
3673.0876
3451.2668
2704.804
3593.306
3069.188
3863.701
2732.6294
3338.9478
3417.1855
3183.7737
3307.423
4086.0786
2566.4714
3525.8584
2843.6116
4031.4077
2396.3162
4054.2832
2443.6958
3762.4219
3758.9668
2445.8447
3487.6523
3306.2656
2695.4155
3558.6082
3636.5818
3271.1226
2927.5662
3368.901
2561.265
3998.7722
2051.0388
3402.1274
3855.04
3569.442
3218.8186
2897.366
3462.0325
2774.1697
3379.32
4096.7695
3538.484
3865.47
3098.2805
3865.1401
5371.75
1282.3221
5121.106
5951.6396
3240.669
6928.1367
646.61957
6263.2734
608.5772
7011.3794
1672.4845
6643.7925
4684.8506
3475.2812
7725.6934
5178.146
1305.7651
1771.2101
4825.59
2191.4602
3851.9768
5237.5024
7843.2144
