74.65532
26.652782
17.606005
13.146381
6.9775763
15.529885
4.7229166
5.695584
19.118893
25.318882
9.413276
17.716335
20.584652
7.822644
22.675417
4.2806535
20.498722
4.5127716
21.87202
12.435543
16.5002
17.04921
2.3880198
17.409208
12.92104
6.5288606
12.076658
12.375638
9.269075
10.362834
9.245983
7.6706853
9.5889435
10.773923
7.696777
11.745083
6.4816823
6.977387
10.999333
6.6003723
8.3364935
6.813011
10.305399
6.832052
8.616047
6.14783
7.5329113
6.452219
8.128872
6.974656
7.772891
4.5320168
7.72607
4.828057
7.563041
3.9072578
6.0191135
6.445341
4.812958
6.3476334
3.524228
5.088814
4.6338134
3.1868262
5.858391
2.510879
4.125784
3.5381863
3.269026
3.1408093
2.5890753
2.4231617
2.7817118
2.218705
1.6371127
2.0332599
1.1758771
1.2548875
1.0202799
0.6273363
0.5147271
0.17941847
0.058185235
0.37699705
0.5308321
0.7102052
1.3442147
1.1381178
2.077005
1.5219634
2.7785835
1.8997374
3.4567792
2.6325648
3.527168
4.048275
3.6141167
4.641383
4.9313917
4.634719
4.8318567
5.5521183
6.839925
4.7823987
7.7997217
6.210016
6.6833596
9.160374
6.2806935
8.426849
9.428036
6.9995995
10.263742
10.673238
8.571736
10.437871
11.621587
10.2389765
12.602367
10.873617
12.314644
13.609644
11.745106
14.578419
12.822088
13.400679
16.033825
11.788094
18.785257
14.0072565
14.182706
18.701702
15.22493
17.010284
17.267656
17.742403
18.9961
18.070747
21.08667
16.670362
21.978352
18.533672
20.384823
22.397978
20.241632
22.115784
20.276516
28.373993
16.595442
27.498104
23.313324
23.832178
24.74659
27.67609
19.642757
30.662241
24.34051
24.89119
30.217016
26.87532
23.103014
34.683937
25.713743
28.315905
33.02943
25.803654
32.07062
32.883083
26.03175
35.248215
24.975737
37.2094
27.81393
35.906776
32.00713
30.680859
37.715225
32.373158
33.243637
35.957443
32.114918
37.13274
33.642284
37.08787
33.423344
39.918156
30.824871
40.295326
33.722797
37.463696
35.42378
39.317616
35.99373
39.326023
32.988575
42.668606
33.290466
40.992413
35.736546
39.38599
36.7332
39.90383
35.862816
37.458424
39.970806
33.112984
40.50292
41.996445
28.43488
43.386234
37.2143
30.38485
45.318752
28.109043
38.092842
36.538425
31.68024
31.838612
35.546036
29.973627
28.580805
35.66587
25.326958
27.414955
29.487118
24.283201
23.571472
25.446747
20.027382
17.982946
22.246
13.660226
14.560518
14.258829
8.040328
7.579042
5.497065
1.5642895
1.24518
4.9420743
7.1994667
12.187429
18.12119
17.619814
25.972057
35.8392
29.679806
46.702995
54.683872
47.042835
75.76491
67.1109
92.73812
83.55568
119.874146
125.921745
117.52432
179.74892
178.35846
158.76604
284.35513
247.22813
237.72932
448.74393
358.36017
384.37756
762.912
546.5921
716.9241
1500.8694
1100.9623
1889.3566
5615.014
8814.789
9244.051
6283.587
1609.271
2038.4257
2610.6914
681.72437
1539.2822
1911.3771
428.74356
1435.5048
1688.0364
569.1692
1654.9845
1717.5181
912.08545
1961.255
1604.718
1222.3877
2103.3823
1465.9987
1526.1847
2143.4973
1439.2996
1923.9713
2234.1929
1550.3524
2305.6016
2257.8374
1932.6099
2729.4734
2180.058
2366.6462
2687.2542
2013.1925
2671.8325
2330.2605
2124.2817
2728.1257
2140.2036
2717.9614
2761.3967
2580.7708
3344.9968
2807.7815
3362.0586
3280.7532
3053.2659
3629.9497
3005.6184
3604.948
3232.4097
3186.797
3445.2715
2842.0378
3514.0166
3128.2825
3609.8184
3703.7712
3454.9084
3942.4507
3443.6975
4205.151
3751.1794
4322.7217
4125.593
4213.9546
4409.9287
3947.248
4398.3765
3692.8994
4238.1387
3646.0234
4323.753
4201.726
4768.243
4974.857
5067.5215
5610.0454
5289.437
5748.075
5074.136
5455.457
4706.177
5270.2925
4694.288
5371.904
4895.3936
5646.599
5203.651
5739.862
5175.0312
5382.879
4998.977
5348.601
5143.1865
5604.753
5507.2144
6089.9287
6036.5337
6833.629
6942.093
7751.533
7428.1104
7892.3823
7057.8877
7222.903
6259.0747
6351.8887
5337.977
5702.4185
5111.1562
5862.8896
5533.354
6356.0864
6431.877
7080.1196
7117.988
7379.934
7760.0156
8018.926
8988.366
8909.588
9331.788
8225.452
8247.916
7596.8364
7849.11
7525.214
6867.8315
6863.091
6236.08
6744.5225
6267.818
6934.1797
7111.1177
7721.9497
8295.435
8442.414
9383.464
9201.554
9729.487
9329.83
9537.901
9907.504
9105.661
8937.609
8139.108
8485.895
8918.448
8777.29
9717.75
9731.24
9902.708
10162.824
9643.64
9743.931
8902.654
8678.211
9208.416
8959.552
9321.143
8771.4795
8700.599
9027.542
8564.829
8934.311
9063.688
9214.076
10000.123
9772.945
9887.754
10834.066
10624.369
10370.245
10696.431
10632.321
11467.08
12834.972
13332.313
13692.022
13337.464
12504.012
12265.751
11336.836
9824.524
8950.752
8033.6426
7044.5938
6661.3936
6308.592
6628.437
7230.6426
6976.677
7203.634
7575.913
7519.7183
8069.838
9307.499
11017.362
12516.315
13825.132
15579.488
16406.21
16287.603
16309.128
15074.152
13717.632
14297.732
14282.119
13063.511
12854.114
12614.101
11831.288
11100.881
10344.031
9437.598
7631.413
5526.985
3899.3657
2195.1233
1064.96
1464.3702
2820.1663
3759.5835
4837.5938
6591.1763
7566.4023
8757.07
10425.283
11886.287
13755.253
14383.796
13956.83
14413.067
14984.571
14539.169
14145.252
14619.791
16089.737
16482.455
15438.802
15013.917
13518.376
11675.718
10125.671
8847.267
7628.236
6034.05
5541.7017
4132.3677
4396.953
3345.7456
3041.037
2475.8054
3740.8105
4623.5464
5567.576
5416.3403
4899.3013
5351.973
3717.2788
4606.947
4969.317
7033.3457
8114.3223
8130.497
10063.615
11062.921
12015.817
13861.565
14611.021
15858.65
17135.104
16838.848
15973.928
14804.044
14388.944
12715.721
12968.339
10166.624
10006.514
7151.297
7116.927
4403.077
4344.4844
745.99585
180.08733
2732.9985
1702.2417
4848.895
2861.442
4013.346
2942.738
4664.6436
3123.1743
4531.6143
2316.727
3131.3018
2491.1733
2021.9148
2974.3608
2035.4816
3754.962
3563.4927
3879.4736
3982.5884
5436.0444
5385.539
7190.2793
7207.9414
7817.421
9001.123
7595.046
11824.509
9168.242
12331.319
10124.907
11807.932
8530.451
8515.447
7318.4126
6164.7314
5706.6094
3222.3103
3854.8523
1482.1425
2652.6152
1973.1598
1619.1917
2419.7207
1454.0394
2137.1152
1506.2297
2323.2712
2235.4336
2378.6328
2679.1345
2721.3054
2160.7444
2274.9785
820.864
3291.3364
621.1287
3250.508
1376.2219
1803.1924
1964.5126
264.6163
1569.1272
1532.9951
479.07083
2922.1
551.84204
2545.8303
248.14629
1421.7646
865.5746
1065.6642
1715.6125
774.7198
1149.1764
1584.2178
887.4418
2037.8505
275.5605
2310.3003
358.66495
2058.4485
1809.2434
1939.5137
2187.0518
1353.7979
2570.3176
736.49445
2012.3876
653.8904
2079.2058
347.8948
1655.6377
1024.3478
1789.5063
2826.8086
2191.8618
2821.0034
1043.2986
2572.7305
1012.5514
1651.5016
1637.9904
1522.6064
2148.081
1205.1022
2623.808
2073.143
2382.721
3029.6465
2202.4434
3230.6487
1924.1404
2629.4597
1113.4745
2116.784
1799.3594
1201.4844
1774.7998
90.589615
1748.2985
678.64496
1386.671
1241.6704
1319.58
1659.979
816.5447
2358.516
1203.3464
2684.1519
1277.3171
1496.915
1722.2236
382.76987
1263.401
926.5392
1499.9674
981.474
928.05035
1059.6057
1044.6196
807.0265
981.8879
1669.891
1128.7908
1553.6758
1108.5165
1591.518
1668.0093
2006.4464
893.16296
2504.1802
366.35178
1664.9491
970.08594
2040.5743
1186.3662
3342.9543
1008.9555
3196.962
1276.3235
3058.0098
1747.0503
4004.7515
1675.8861
3613.0938
1265.4896
3615.935
1513.9309
3848.3042
1136.6764
2529.6975
1139.4951
2614.919
479.66107
3801.1733
2000.727
3765.0454
2441.8582
2898.357
1678.2458
3296.939
1735.685
3457.7976
2059.979
2585.6975
1402.8282
1691.7312
2220.9207
2192.7393
2553.7183
1736.0972
2387.5864
1734.0018
2266.15
1072.5709
2659.0254
1336.2535
2109.5046
1949.2123
2337.2659
1623.9385
2279.8037
2346.8054
1433.8281
3171.5435
1975.38
2685.4316
2618.8633
2606.4875
2563.7373
3586.855
1965.1389
2569.033
2925.2314
2826.3425
1971.1957
3704.5652
2573.221
2992.5146
3415.116
2994.0862
2569.7117
4788.6064
3035.4006
3497.8333
5482.1094
2295.6501
3016.5554
6489.749
2518.095
6352.598
4228.2656
4669.195
5878.8555
7414.6235
3493.4016
4454.2295
9177.959
1365.2994
8827.536
6039.4463
6544.0923
8769.853
10588.955
6126.7065
6788.809
14762.593
3102.9922
13871.795
13230.639
10959.683
16862.518
23142.15
12569.101
22580.648
43599.684
19351.072
59406.215
144030.55
200800.6
185396.36
116106.69
24285.643
39788.273
43191.766
11581.378
23985.94
29191.729
6196.817
18954.928
22079.365
4386.95
16574.979
18627.732
3357.6355
14738.052
14921.772
3596.93
13804.384
12275.304
2356.5078
11937.357
12009.798
4056.968
12266.85
10428.189
5057.7876
12794.798
8426.244
3629.869
11260.947
9443.721
5631.8237
11225.948
8974.283
6190.928
11884.138
10147.63
8474.226
13432.607
9876.977
9848.451
14646.37
10518.252
11995.729
15243.269
10741.256
13407.168
15632.418
11315.465
13774.332
14591.769
12686.108
15171.321
12187.135
11958.912
14644.095
11177.701
11113.124
12294.747
8834.297
10095.459
11034.949
9413.804
12502.375
10784.996
8461.593
13054.414
10919.923
8205.902
13155.956
12929.08
10372.409
10599.573
12976.823
14274.287
8606.086
10707.617
16631.834
11273.299
9357.036
15822.207
13856.012
10441.471
12520.706
14960.009
14285.219
9261.557
11975.943
14749.0205
9655.488
9923.354
12660.096
11260.113
10956.849
8169.412
9183.083
9491.586
6657.557
8722.425
7737.695
7443.9424
9397.321
7530.8823
8514.847
9550.873
8705.662
9430.175
8788.431
10709.125
12081.699
10209.902
11291.815
11924.006
11344.513
11585.352
10932.663
12352.989
11967.952
11332.272
12337.088
10691.604
11532.704
12240.179
11328.728
12670.112
12221.251
12986.611
12615.271
11593.723
12471.782
11897.684
12635.944
10804.13
10548.229
11894.63
10733.3125
11620.538
11419.316
11038.251
11286.801
10377.51
10835.337
9421.635
9822.05
10390.131
9707.412
11439.43
10134.502
10957.039
11810.73
10320.063
11180.635
11214.854
11841.661
11302.505
10453.663
11094.33
9570.878
10400.575
10363.795
9616.157
9791.883
9456.941
9198.579
8501.678
9253.248
8004.664
7949.2837
9034.772
8986.959
9625.357
9038.702
11058.284
10793.065
10475.526
11610.73
10983.768
10730.563
11805.819
12521.956
11217.625
12382.531
11995.044
11089.916
11182.329
10786.434
11279.867
8461.445
8868.51
9957.078
6537.353
6948.7397
8635.925
5175.0757
6221.4937
10095.854
5621.7256
6676.67
11990.061
8249.645
8067.7075
12724.682
9929.781
6694.0483
11306.933
9375.769
6687.355
10273.301
10418.855
8135.0703
9283.673
10524.654
9391.228
9371.8545
9543.147
10363.824
11191.506
11544.231
12160.014
13426.858
12756.564
12221.801
13510.981
12846.797
12708.463
13027.805
13182.9375
11696.403
11540.191
11115.448
11056.629
10812.971
10431.641
10571.67
10660.064
9727.065
8901.547
8512.997
7076.4688
6216.314
6156.9556
6252.061
5980.6265
6452.4526
6672.5283
6469.9414
6507.774
6039.4146
6396.761
6360.9946
5783.1807
5024.1045
5111.6553
5018.9194
5109.432
5355.695
6205.771
6369.679
7064.018
8169.5444
9218.671
10213.572
10941.033
10958.714
11299.471
11721.149
11973.132
11974.281
12167.611
12301.32
11605.42
11136.214
11222.22
11132.889
11156.641
11020.992
10436.881
9993.282
9847.634
10258.424
11079.736
11676.567
11548.328
10176.19
9176.944
9552.919
10360.998
11062.352
10836.723
9276.234
7241.635
5677.743
5177.539
5714.8135
5668.362
5054.531
3315.6072
1840.9556
2163.0784
3356.6423
3486.7397
3685.6917
3077.8926
2443.9275
3263.96
5017.1704
6306.329
6567.899
5705.82
5734.095
6980.5854
9307.218
10742.872
10710.791
9234.488
9829.013
11033.557
12751.569
12858.476
11846.663
10755.597
11506.899
12874.118
14203.89
13442.519
11214.22
10296.014
11168.613
12337.206
12943.326
12311.506
10978.88
11304.582
11135.124
11121.25
9995.285
8793.874
7559.0303
9235.918
8556.29
8498.985
7351.577
6354.7075
6963.4688
7873.2285
6853.051
5240.7134
4461.4814
3431.9663
4638.6626
5587.034
2737.9868
3403.271
4922.419
2245.0237
4664.3555
3291.5286
430.23892
3695.0303
2476.0845
1603.5742
1998.7373
1016.8865
1523.908
3526.2634
3127.6965
5219.95
4955.216
4738.7104
5351.127
5994.0063
6875.69
7641.964
9046.849
7493.939
8220.446
9004.874
10391.218
11370.782
10866.441
10483.536
10367.056
12828.293
12980.111
12847.483
11526.36
10311.622
10628.911
11642.706
13265.934
11968.388
11211.581
9746.812
11161.163
12964.441
13037.041
10749.505
7314.275
8405.691
9428.351
10156.221
7962.1694
5236.776
4453.348
4718.4897
5898.452
3727.0142
2984.3098
1389.8846
1790.0519
3192.2166
2983.034
2736.3606
234.13905
1985.4547
4192.4727
3343.782
1873.9917
2031.7007
4663.6514
6279.989
5200.56
4383.884
3550.286
5646.0454
5394.8335
4234.642
2484.8972
1231.6335
2912.7717
1864.2732
2819.6667
1563.3088
1969.871
2538.4832
3254.815
5130.674
3828.8992
4931.756
5691.601
6349.5366
7408.0044
6162.1895
8458.847
9531.196
10187.209
11494.141
10844.64
12847.784
12991.139
13300.695
14250.79
11837.662
11967.649
11289.331
11717.079
13306.466
11685.189
12735.122
11855.29
11002.86
12372.903
10674.471
10642.661
8661.203
7736.833
9322.227
6399.9985
5990.228
5986.789
5224.256
5573.7397
1689.7854
2480.06
3084.0918
512.2618
1992.8835
3384.3599
1043.947
2403.1348
3266.7837
2028.8981
2979.239
2676.7766
2859.0493
5455.7954
3471.6504
5231.831
1555.5015
529.7843
4430.057
2960.9248
5178.485
2435.6128
1637.3402
3719.471
3182.22
4571.5894
3961.9604
1606.4995
2797.9614
6792.519
2796.2942
3807.4536
2745.2407
833.8145
5483.974
2786.3323
4053.722
1322.0432
2318.3684
5779.9214
4394.7876
6698.15
6290.3447
2126.506
5724.3984
10004.289
8543.753
9723.241
6694.1797
9280.517
14680.172
7085.399
10232.58
15665.613
8951.239
15227.483
17730.514
4698.109
13683.403
19182.098
6497.8057
13910.709
16741.252
7268.247
14523.445
16117.526
13231.137
12729.428
21480.738
25793.295
14592.06
43655.03
97992.99
124030.24
110061.984
61501.586
10048.917
24797.28
24908.611
3687.5608
11863.258
17675.643
1433.64
7169.7583
14777.516
719.58136
5095.7856
13258.755
1740.8243
6064.2183
10990.854
2416.755
5301.067
9027.524
2686.5088
5529.959
8053.018
2134.5623
5613.6675
8505.37
2489.6902
4938.472
7343.3403
2249.1858
4152.5327
7584.296
2342.57
5264.9766
7064.9585
3185.1624
4236.34
7879.975
5183.659
4579.789
7903.607
5115.3647
4051.5923
7416.8267
3788.5352
6614.937
7167.9883
3509.626
6434.751
6578.0454
4295.7964
5651.843
6546.426
7484.298
2660.7134
7805.0117
9266.435
2518.8955
10430.023
9833.779
7625.9873
13188.518
9525.674
11581.317
15282.592
10583.019
15216.291
13602.819
9154.148
18608.256
13803.6875
7775.46
15086.289
8399.017
10677.402
15487.572
4933.1133
10108.421
11375.634
2879.094
7704.3496
5781.8105
4672.4766
9702.351
7247.0674
7185.7573
4143.305
3471.602
6314.1187
4478.0483
9112.584
11371.825
4703.814
6775.494
6490.127
2920.7314
7305.0205
6953.095
6683.631
8981.5205
7427.85
5098.972
4962.9653
4627.0605
6665.1235
6961.4746
9013.386
10347.117
6204.6094
6486.5073
7280.1533
3989.198
7010.536
6749.1826
6543.8296
7062.7256
6172.2573
4738.2554
5413.6367
4794.315
5765.745
4769.7427
5648.2656
6813.3755
3501.3367
6516.158
5723.853
3504.574
6712.273
4606.447
3969.0222
4844.8975
4200.356
4641.26
5480.685
3918.4932
4011.126
4678.818
1660.4205
5724.959
4260.581
4174.2617
7664.0
4605.9326
4744.756
6350.2925
4542.8193
4052.1748
5964.1997
4851.6914
3428.3093
8446.499
4039.3254
6706.951
11049.448
1967.1394
11684.223
9585.962
6591.8184
15927.247
6800.6655
12254.803
14439.754
5113.5625
16282.722
8668.031
10374.688
15380.726
3200.0674
12741.005
9297.509
5419.8174
12092.253
3359.3357
7351.902
7864.8086
3415.5864
7062.155
5307.3496
5063.653
4190.401
4338.8174
3969.1145
4320.581
6633.2017
2742.3047
5060.638
5089.2773
2337.6316
5128.991
2493.6848
3905.6316
3492.6396
3044.2532
3518.0093
2688.3828
3741.9424
2779.364
4110.999
3338.134
2071.5188
4430.9785
1590.2659
4371.455
4953.244
2839.3896
3878.8103
3194.79
4015.46
5820.7134
5328.3535
6502.252
5891.706
5819.8086
6685.0996
5527.5674
7857.754
6286.639
6617.0757
8150.287
6720.3926
7371.9204
7736.313
6017.3447
7551.334
7122.2856
8576.23
8955.535
6547.816
6467.1743
5167.609
8501.884
9317.836
8617.131
8417.03
5510.1978
3649.6619
7092.5513
6786.9253
9602.41
8891.531
5414.0767
5085.041
2123.7292
6340.919
7833.101
7887.939
7400.319
4279.6055
1375.1437
3999.1174
3434.511
7837.076
5665.4673
1914.928
3387.25
1835.7488
3118.9233
2019.5354
2484.002
3388.7156
2908.3345
1930.0348
3196.1948
3168.5435
6763.2334
6824.756
5680.8745
9733.478
6574.955
9911.354
9995.237
7235.638
12640.357
5496.1377
12348.631
9285.714
6928.7056
12919.752
1921.8755
9349.648
6020.7783
4334.326
6536.127
3998.517
6485.33
6374.921
5626.3696
5592.1934
7867.1123
4746.3364
8627.338
6581.168
5720.357
7359.927
4122.437
5959.984
5834.452
6080.742
6317.1133
7029.201
6852.507
7463.753
7108.952
5585.119
7407.514
4645.3076
4997.5967
5163.406
4012.2458
5882.4624
5737.536
6191.715
5585.9243
5568.337
3662.1091
3928.222
2691.7642
3058.1062
4678.563
3310.7737
5543.133
4998.409
4506.7607
3758.849
2546.07
1515.8833
670.0617
1882.6082
1651.3147
2419.1787
2720.6418
3008.2163
3146.8838
1148.7689
1412.5339
1378.2987
1477.8232
1848.2449
1587.4329
2141.6377
1561.0717
2298.9333
1201.5133
2662.7678
1132.8456
1083.3835
1901.9089
2432.1545
4675.641
5292.16
5594.9067
5769.209
5704.586
4718.973
3835.0725
4910.111
5269.09
5557.4956
7119.2607
6012.1753
7658.352
6619.836
6859.669
6138.1357
5729.747
7384.1455
7360.772
8915.626
7167.2437
7747.0747
7557.8643
6286.2427
7535.8477
7388.5137
7980.1343
8631.245
7590.0137
8243.798
6674.512
7410.043
7119.374
5946.4897
7032.6177
4225.0024
7436.3223
5175.1333
5090.1265
5185.93
2819.786
6178.752
3580.7085
6082.406
5726.42
4096.1377
6893.181
1971.9592
6891.4717
2806.757
6627.5376
5051.4287
3561.088
5908.646
3556.6897
5343.599
1109.1567
3886.6897
2625.3225
698.55963
1251.1416
2042.5477
1191.186
3060.6184
1386.7411
2291.6658
1816.3818
1744.3674
2874.925
595.44476
3969.677
3444.9795
4060.8699
1881.0122
656.9009
2618.8147
3410.4446
4908.658
5120.1064
1230.9242
902.5923
4221.5586
5829.1333
6873.082
4991.156
1484.6586
1732.0643
5238.88
5449.6587
6461.668
6531.9233
4935.424
2116.2708
5570.3506
6568.4136
7303.1763
4872.6045
4135.245
3575.5935
6052.857
6962.5283
9129.422
8182.5767
8890.717
6976.651
6904.2236
5343.177
5219.9272
5041.1313
7421.027
7861.529
9576.626
7493.9146
5814.8574
4603.3257
4148.2915
4720.7905
5818.034
6456.0044
7258.4404
6990.9727
6616.5215
6862.714
4742.8066
4514.4165
2640.1882
3124.5256
4762.9204
5607.683
5025.413
4717.2803
2634.8022
2877.1772
1613.0254
1418.8229
4084.3132
2393.1326
2375.7876
1741.5264
637.02704
1106.902
1647.9474
580.3022
2215.2905
1095.2599
3027.444
2534.0168
2550.785
1800.966
2087.0713
1332.5925
5235.233
3835.796
5734.713
2947.871
3407.4097
738.33685
3975.2583
1957.0336
5406.4893
1339.2496
3036.4917
473.99127
3602.8003
783.5539
2997.102
1210.26
1842.263
1302.3849
3154.423
149.8978
3663.0615
1228.3196
3532.6003
446.7702
6268.5586
2523.2925
6518.039
831.04016
5271.5864
3882.9148
10021.594
4045.9976
8858.518
4229.2886
8000.291
10780.237
13431.538
8033.6416
9252.404
12498.507
6112.009
21628.354
17672.242
13668.955
31376.2
83494.85
95280.75
73023.14
46768.598
2664.1292
24750.648
9273.773
9394.333
11704.816
15711.713
6227.872
8054.8696
8168.594
5404.964
11275.21
5950.334
5014.7783
1086.9927
8247.348
2957.6782
6982.23
2115.5571
2161.716
4355.499
5985.5415
2058.2273
3380.482
2736.8865
2321.372
4836.7207
3948.921
622.23596
3036.226
4570.866
2099.6008
3176.1807
2747.852
1666.0282
4167.4253
2922.6792
706.4714
2443.1743
5167.9897
2973.0598
4735.144
1565.4244
2002.5228
5092.7734
4874.2764
3404.4573
3609.775
2628.425
2463.767
4843.4243
3920.951
2719.508
2066.9756
4808.6484
4937.1133
6642.4575
3159.6965
1971.0238
3954.8347
2578.1619
2426.4624
1442.8563
3850.4514
5005.578
6223.216
3298.6611
3442.3425
4651.23
4782.7866
4934.111
1665.5934
519.0862
1845.8131
5062.326
4885.4707
6190.603
4848.288
2615.223
5721.4907
7535.494
6188.118
4293.946
2879.3438
5907.594
7609.5146
4673.6294
828.81433
4624.379
10026.128
10669.598
7988.0464
4009.4497
4885.2456
8406.988
7159.653
6994.918
8073.711
10343.508
9993.737
8261.548
5339.096
6029.6655
8545.347
6886.701
6519.9927
6089.5225
7846.951
7466.166
4766.9746
2420.6914
4373.9873
7321.5503
7152.8765
4614.083
2803.5261
2869.375
4653.5576
7060.8584
3466.8833
4040.57
2853.43
3381.4119
7079.7017
807.5932
6862.19
5674.261
2328.813
5993.646
1650.0602
8318.049
7108.222
2284.0632
5475.538
3887.5776
6861.109
5246.6816
2574.5369
4556.332
5087.3696
5664.45
3988.9602
3573.3606
5132.1895
6951.936
6516.4956
5399.024
4101.2007
4697.274
5746.438
4380.156
4917.84
4888.1377
6092.2188
4806.72
2334.6174
4775.507
6171.913
5644.265
3977.0054
3759.4685
4399.152
5024.4224
4108.9443
2980.636
3725.4297
3670.165
5043.608
4105.4355
2335.1428
1649.4758
3030.6743
4153.985
3158.693
689.3292
1810.618
3323.0017
2116.8271
684.68866
2944.967
3738.955
3641.7637
1570.9088
899.93933
2251.6304
2090.9607
1836.7662
662.95294
309.14328
661.01526
1320.2609
1763.7073
1475.7609
1703.0968
3011.447
5161.75
5731.086
4587.097
3130.7898
5121.763
7926.5557
7305.262
3928.3372
5154.8086
9364.369
10745.08
7249.9204
4486.049
9794.724
12944.804
11142.311
5455.6987
6095.4995
10657.248
10762.295
6943.627
4778.0293
8870.468
10864.624
8531.104
3469.3826
4315.777
7902.6987
8011.4673
4107.301
1614.9302
6494.6025
7904.365
6238.8125
3291.6697
3147.1963
4705.4917
4201.8564
3905.64
4499.922
4342.9634
3608.4673
3054.5508
4390.942
5046.516
3827.1929
2549.7212
4323.3755
6117.701
5362.2085
2189.1775
1774.7217
3813.8374
3594.6174
1836.2764
3227.9863
4770.5137
4962.3867
3789.1167
2467.9602
1289.2789
658.5299
839.27026
1969.2909
3192.2664
4350.1333
4193.659
3513.6716
3544.359
4232.521
4060.2678
2889.6782
2144.1047
2541.2742
2314.3657
1767.8245
2255.7305
3141.9514
3570.0957
3383.9055
3378.4417
3027.0776
2354.2554
1596.3267
1368.307
1720.8553
2499.4233
3154.1829
3071.948
1844.438
1700.6305
2439.1145
2138.2285
1742.4777
2922.3816
3829.2031
3550.7544
3250.1487
3896.7805
4740.781
4845.004
4210.226
2944.4404
2699.7112
4132.659
4853.4453
4077.6362
3202.2166
4614.7007
5894.2466
4848.9043
3138.321
5000.221
7166.738
6326.406
4158.7764
5117.101
7059.306
6785.2637
5133.82
4051.6948
4061.511
4711.5234
5573.371
5540.5444
3404.575
4386.9487
8293.6875
10047.9375
6277.131
2992.3037
9498.681
10760.481
5680.2446
3725.4858
10279.698
11026.977
6392.984
4922.205
8800.321
10379.934
9214.754
5425.2974
6198.8867
10181.876
9020.453
3372.494
6384.869
9495.582
6648.2173
3118.052
5598.0557
5350.805
3644.351
3440.7886
2437.2644
1968.3318
3638.059
3294.0767
2449.8882
2800.5823
1908.5933
946.1157
1391.0852
560.0449
1950.1328
2910.181
1062.9445
2698.2615
4361.4663
2693.8826
1224.6249
4329.155
3722.0872
1682.1271
1344.9598
1687.3271
1222.0929
845.9299
827.21045
619.2987
1805.2349
1183.5507
2278.7437
2981.6301
1734.0702
1500.7688
3226.0244
2449.8076
1174.3434
1673.8376
2281.2754
1937.5288
1757.7178
1307.0513
2289.6438
4296.4155
3853.3633
3507.271
2913.3962
3198.013
2786.0166
1864.0076
3009.4119
3245.4194
3773.399
2388.0735
4548.619
5533.915
4809.869
4389.4517
4144.203
5538.4966
4564.8193
4480.6807
4328.318
5514.524
6153.529
4622.2026
4365.939
4159.8203
5043.45
3384.0864
3819.1313
5210.2974
4581.6313
4266.4897
2924.2424
5034.958
3910.1892
4117.949
2645.1387
3200.7852
4468.7085
3718.3257
4288.8335
3248.3374
6275.986
3390.2554
3250.617
1540.9664
4391.938
2737.4973
2718.4773
3046.1584
3653.9187
4563.907
1657.9792
1836.1505
2598.5994
2345.323
619.3935
835.6683
1148.471
2607.8867
3577.581
955.5248
663.8247
2596.2415
1774.1422
1835.1664
2295.1655
594.5145
780.3924
1069.7122
890.86884
413.5786
1943.8871
2501.3022
4116.8755
3908.3042
3736.091
6492.0376
7315.6084
2905.9287
6541.1733
10055.387
8038.8438
5956.348
8290.901
10428.714
8691.65
7236.26
9184.033
8929.457
6898.029
7427.0312
8696.002
8154.2153
7365.673
4829.039
3470.5037
2548.2886
3927.92
5707.906
3859.348
4280.7554
2160.017
2952.7002
1076.0216
918.7985
4601.7783
2951.1956
5741.0146
5340.6846
7940.966
6383.5156
5430.382
1544.9985
4502.888
2023.5864
3405.4185
8069.089
7674.1826
8880.835
6820.078
8030.1025
3364.8005
4419.6763
2719.7505
3773.0935
2119.5562
5157.004
8520.102
10831.115
9490.469
7446.1377
10054.215
3889.6511
5725.119
1309.325
6155.8867
2205.9822
7458.3394
4234.1416
6599.6035
4685.888
5279.9834
7976.4775
7082.5225
11011.979
3341.0032
12935.564
7857.1035
4105.9546
13811.221
15635.65
4586.6704
40552.17
69979.86
74237.195
62829.008
31263.525
5123.1523
17855.88
13088.026
3300.2815
11492.795
7863.088
3645.4692
8195.375
3601.916
2828.1064
5482.3345
3175.3057
1491.361
4600.727
2218.074
2649.2744
1071.9606
5092.35
296.72824
4390.313
3562.4246
853.3832
4371.123
454.19308
2131.0474
2472.9404
3359.8716
1673.0636
4407.9834
975.2697
1673.354
625.88745
2933.3198
307.5518
2933.192
1746.8802
1195.1893
1927.5546
1326.3739
885.43805
2759.6628
1571.4368
784.95215
1867.8992
2151.9602
1601.9166
2115.9026
3512.7058
1065.352
2459.398
1871.8953
724.675
3099.222
1938.6565
2736.5266
4646.827
3130.015
2881.2937
3383.8547
487.68332
1075.9673
1508.6392
4514.712
3778.2478
2929.1448
2878.4927
1568.3558
2580.2688
1455.897
4193.8086
5995.847
3002.211
2494.74
657.0754
3385.1152
6138.0664
5810.575
5447.7554
8431.14
2954.9307
2340.2646
3563.5476
11048.974
7220.521
4949.7676
12002.076
7769.642
5014.358
3379.9016
11818.103
10671.325
3368.8958
10521.721
7718.9053
5464.9897
873.28986
8667.314
9292.355
2908.0234
4931.22
3813.304
3842.6494
4105.5044
5972.3726
5496.0107
5315.0273
2609.1375
883.9451
2043.1188
5705.7
4899.031
3386.6191
3953.0212
1532.1469
3047.0679
2551.8662
3748.1484
4347.0493
1642.369
1315.8613
2159.3262
2402.94
2866.1611
2913.2705
755.7238
1475.2166
988.1221
2605.2454
2652.0652
1564.7911
2434.721
805.2917
1204.0908
1167.1472
2834.9763
2356.7034
2591.047
2018.5955
1716.1212
1871.712
2868.6572
2440.89
1817.9773
2067.3032
1873.8163
1414.6079
1016.031
1691.2853
2013.2292
663.4565
955.0249
1541.0436
2286.5474
1836.2332
2500.1455
1825.6234
1806.1863
1357.485
1884.8204
2519.5442
2912.985
3884.205
2773.0403
2367.8237
1965.6692
1992.5159
3790.4048
4631.562
5023.402
2915.4321
1580.1191
1323.7161
4252.7686
5350.505
7106.9688
5871.3213
3916.8154
4235.4253
3882.7944
5423.9634
5409.6777
3792.3179
3359.0303
1908.0775
1803.948
3573.5002
5335.352
5266.1636
6608.6733
6387.1147
6645.7627
5043.8364
3250.2422
5194.787
5020.1294
5171.9004
5237.7173
2889.6782
2553.4902
5537.0264
7386.8833
8601.784
8224.11
4441.4053
468.2196
4190.3687
6953.228
8613.371
7538.446
7126.734
6212.2397
6231.193
6688.9634
7328.163
5754.637
3347.7637
2044.4723
4865.267
7595.6147
8340.789
8159.768
7857.2715
5971.568
4259.622
4908.442
5334.4595
3779.0217
1417.008
2778.2424
4248.91
5797.924
6410.965
6728.107
6135.5723
3430.5317
939.06256
2281.8306
2413.0781
3989.4958
6871.3335
7244.539
4564.458
2774.557
3524.7073
3095.6973
1645.199
3168.7168
4496.776
2583.5447
1607.5952
1536.3832
2730.8965
3288.871
3482.4626
1701.7322
1764.8064
2470.7117
1329.0769
1721.5457
1707.1875
2792.5466
4889.66
1976.734
7543.88
4313.0356
5182.6597
2880.555
8288.345
6238.272
6819.0938
8390.801
4775.646
6386.1357
4772.841
8021.674
3296.1755
6458.14
3564.9634
4751.8438
4789.7217
1954.9469
4054.636
1869.7887
3505.0935
3577.9897
2891.7488
5696.447
4652.225
4784.1655
2652.415
3914.0674
4603.959
4153.397
5707.4175
3521.5242
3108.2568
1691.6405
1822.9777
3404.2437
3169.2173
3354.5022
3057.6685
2153.313
2886.7603
2150.9973
2927.3965
1750.7185
3923.626
3073.1514
2434.7385
2946.385
3234.112
3432.5535
3211.9692
1039.6531
1816.7153
1752.1075
3812.268
3521.1199
3657.6582
2466.002
519.91455
1427.8958
2710.5835
3490.1416
3418.2788
1105.5938
815.4427
341.20596
1098.0122
572.1568
1920.8202
1083.5668
557.21844
935.3526
1418.8134
902.1285
379.02615
1570.7963
2515.6125
3159.0767
1461.4193
1698.2341
3858.6306
5901.831
5747.314
4120.1675
3699.3281
4625.7534
5745.751
5713.601
5308.424
5958.716
6022.5396
4462.221
2524.653
4691.868
7319.743
6996.613
4633.7603
1988.505
4634.9053
7115.3394
7810.206
5267.4106
3783.1245
5129.6133
6025.1064
5185.8936
3320.4927
2853.5068
2840.5808
3248.7544
1957.705
967.63684
1919.2689
1715.1588
348.32996
1367.0763
3354.5586
3865.4138
3938.8237
2839.603
3338.3323
3959.0513
3194.9255
3199.0483
2099.9404
2755.8467
3376.2551
3189.342
2718.26
1896.7816
1552.8022
3452.1433
5012.7793
6889.6006
6438.191
6149.8633
5601.004
4753.5347
5645.6143
4740.813
4263.248
3464.2344
3190.1326
3676.7625
5117.567
5700.531
5308.5146
4920.425
5505.26
5457.3457
5511.312
4538.211
3468.349
4245.2524
4362.58
4785.6245
3688.4526
3824.0608
1998.7947
2032.9648
2787.3838
3287.3813
4268.7764
4809.3525
4046.9458
3718.164
3417.4158
3892.6008
3034.3057
1962.5756
875.4702
1490.371
1972.5988
1766.5007
2164.4014
2645.8071
2565.72
3240.58
2935.2856
3584.5693
2457.2944
3651.5713
3137.4104
3813.4473
3215.0906
2109.2368
1379.6844
1951.9465
656.5355
2197.8308
2573.898
3450.9646
3711.6438
3714.8232
3871.7605
3893.6267
2912.333
2648.6404
2272.3503
2064.716
2185.6636
1622.2747
2970.093
2847.7
2599.2622
2909.079
2523.5242
3071.901
3742.7683
1338.1174
4162.6055
2056.3962
4953.316
2032.6475
1842.3656
4625.138
1992.4604
1751.205
3873.7666
4046.8464
2918.241
2914.3528
4689.217
1087.0151
3009.0352
1741.2043
380.1674
681.47516
356.61868
1414.0554
1523.0804
3827.3298
1551.9785
1701.6318
1465.1177
4147.978
3727.2764
2913.2717
4214.3525
3513.6804
5392.033
7287.9473
7241.9473
7390.764
2423.222
4613.857
9076.772
7336.243
8598.236
4971.994
6040.159
6892.404
6394.285
10812.519
7199.318
6385.707
4024.0652
4944.0693
9695.573
6250.269
7326.178
5127.742
1950.453
3706.3848
7493.139
9790.643
6741.3184
6677.6396
3567.5793
6802.052
4933.5347
5808.6216
2968.0452
8108.361
9837.212
3343.1428
16283.207
12610.649
10860.18
39483.22
60783.676
71544.49
53101.44
19960.662
10357.334
12738.535
9674.915
1791.0897
9314.582
7818.1353
2048.0132
9507.168
3861.1667
4183.59
4603.708
1317.9597
2567.5593
3775.38
3584.499
833.7384
4503.3164
2977.69
1256.2246
3225.3484
3852.6882
2428.0078
2800.4248
3097.0955
2734.4094
3556.6655
1071.9338
1206.7643
4489.605
2298.4617
1257.8094
1112.7424
2096.7761
607.03937
1270.2688
1121.0808
1104.5623
1100.2979
3126.84
1166.4451
5231.663
4383.183
1167.7659
6513.8853
1632.7639
4157.29
6303.493
3374.8274
5124.942
2844.5854
2490.2654
5337.061
3630.2356
4654.2095
4889.5796
2414.7563
5773.5327
2684.95
2486.4897
5461.4976
475.23254
5467.3545
3730.0732
1966.3748
4081.2578
1632.6827
1740.5764
1163.5126
1854.476
2726.971
3218.7742
903.4928
1542.3263
2048.5115
2485.9414
1759.3071
3282.985
2529.9668
2201.7
3545.5
1399.1005
1534.5444
2070.168
2003.5116
2010.9924
3199.6748
2774.5056
3354.473
2191.7463
3044.8381
3786.0276
1818.3881
1836.1337
2596.942
1811.0002
996.6001
2795.9468
3843.966
3418.7812
4217.842
4023.047
2708.6284
1789.2527
1155.7203
2961.6736
3715.625
4848.152
5833.54
6370.8403
3579.3945
2435.9285
1272.833
3454.5225
6181.443
8039.754
6857.456
5606.851
6176.924
5447.306
4123.056
3193.5173
5019.7314
6653.6167
7300.77
6485.398
7194.1396
7104.718
4912.4526
2781.1697
1390.1018
2628.4214
6585.8164
9640.707
6924.277
1802.9012
4154.674
6636.5405
7510.318
8404.856
5510.3496
1345.0322
6606.7783
8944.522
7109.7603
4288.1953
4163.2075
3847.5469
5389.6187
7091.7017
5904.6084
3005.4553
4260.019
4415.02
1727.2114
2455.8682
3854.6282
2137.3606
506.00507
1789.3617
406.94275
613.723
1997.8561
1196.1664
2174.821
2517.045
1892.8008
897.59674
1030.6788
1532.9357
1065.3097
1376.9979
1714.476
564.39856
2078.2554
3954.9258
3196.4612
2151.9377
958.158
1051.1519
766.12775
793.48724
171.55719
896.41144
786.8841
356.56223
523.731
459.1414
603.59076
704.7679
1065.5494
307.03558
879.5342
1047.4509
875.15955
2700.5598
4283.3164
3027.5652
1326.5819
1572.3131
3050.4873
3813.416
2730.5676
920.3304
3448.29
6142.402
6421.547
4472.929
951.09204
2110.832
4881.01
5549.3774
3947.5269
809.24786
5342.666
8039.8057
7337.744
4528.2783
779.586
3752.5776
6334.5557
6761.3804
4826.296
1099.9409
2886.3572
4895.8955
4523.6577
3230.5295
1728.2717
3581.6719
6166.6206
6249.5557
3924.7961
2381.9187
3217.5198
3613.5183
3312.897
3327.42
3441.9497
3471.9312
4409.1387
4767.8896
4262.9336
4071.685
3132.4526
972.9631
2673.2178
4193.299
4504.4
5154.3096
4419.48
2461.4758
1751.2797
1606.1599
995.34814
1690.2
3405.6685
4337.163
3720.2852
2876.2688
2343.456
2904.8418
3816.859
4166.469
4161.7817
5013.0713
5088.942
4190.2153
3038.1023
2843.3877
2909.7993
3257.7932
3600.2666
3530.1448
3112.877
2718.5005
3078.5605
3928.638
4263.913
3671.9216
3085.3062
3360.216
4328.7163
4414.73
3710.8801
3090.7317
2811.145
2383.3008
2277.9636
2892.686
3661.685
3930.7717
3923.9253
4598.17
4014.8828
1770.5977
1471.2731
1656.1223
189.53505
1697.5365
1596.7902
1047.6925
1201.813
1960.2374
3361.402
3845.3235
3654.046
2849.2993
1425.965
1909.3518
2520.0999
1440.6156
1529.0344
3868.1802
4427.4053
2700.6963
2552.1316
4834.3696
4887.677
3248.6443
2697.2654
3535.7578
3212.1543
3128.865
2350.9553
1458.6392
4117.1704
3899.2852
505.9671
5626.0728
7797.355
5083.7007
3049.7437
5393.4272
6804.3574
8008.482
6913.687
5356.435
8714.941
8087.892
4380.1553
9874.99
10599.911
3159.8667
7530.0024
10464.029
5114.0195
4545.2573
6927.5063
3098.225
4128.776
5525.3286
2548.0771
2018.8431
3239.8542
1844.7013
285.14145
667.585
2209.9116
3119.632
2576.603
2723.3389
4615.2944
3150.141
959.1618
4257.7837
3099.3943
3593.3027
5941.9077
4469.323
3476.0574
4329.548
3584.079
4195.5176
4000.821
3725.8164
3369.988
1583.3772
1132.1516
1196.6471
1802.0839
1864.6002
833.0779
716.4722
367.77136
2491.546
3726.797
2680.252
1676.3296
738.33044
1921.0308
3743.0964
4121.5786
4136.696
3189.8767
1034.1667
2063.773
2231.5059
2902.228
3560.8318
1351.4822
846.5255
1113.383
1286.3094
1609.1855
1628.0656
1722.9489
1470.8678
1548.4856
2088.6858
2605.5945
4347.8384
3994.107
2503.2664
1082.952
1973.1229
3453.902
4110.13
2657.1775
2243.9663
2563.6538
4762.8105
5199.6064
4963.205
3255.9592
3674.7036
4762.049
5945.166
5041.7617
4479.099
3619.114
4621.4688
6371.3003
6296.4434
6316.1284
5089.955
4731.8022
4075.9438
5019.456
4514.7812
5177.7573
4943.9277
5595.1846
4735.7954
4906.698
3375.572
3016.9526
3485.9297
4163.8057
4787.027
4877.585
3980.8516
2790.1077
2604.0742
1755.1779
2370.1013
1978.9572
2940.4514
1839.5582
2753.4666
979.94995
1090.3436
279.39554
1790.0388
1470.2764
1335.2192
1052.2809
1355.1935
1534.7991
294.09076
1077.7466
288.5285
224.93048
2220.7737
1846.9575
3562.573
3127.0503
3475.8076
2422.9036
1713.3857
2761.6536
4614.1895
5037.336
5233.947
3249.6255
4427.8604
2571.7031
2236.1409
2494.6267
2373.7056
4394.908
4248.5215
5931.547
5036.6597
5384.583
5239.5176
4357.0215
5176.994
4179.2153
2821.2861
4454.724
2709.5994
3664.4385
4436.4854
5194.902
6230.179
3341.5134
5832.3486
3003.255
4500.5303
4961.256
3846.2463
5735.154
4123.9424
3927.8672
3829.036
3316.9763
2602.2095
795.9629
3691.395
3750.707
2704.6501
6175.8066
3539.071
4385.943
5054.731
2991.7905
4203.6523
3535.9724
1406.7753
1339.4446
2627.288
4251.7476
1227.5277
7965.9106
3319.3909
3422.9177
8666.824
5678.666
3724.9941
15079.971
10810.716
13273.339
40853.87
63792.676
64121.508
44281.84
18316.799
9156.036
15101.781
7399.001
6614.2236
7165.599
4744.6274
6249.651
7799.296
1222.0524
2418.1384
5168.2075
7375.436
5799.454
1438.8716
7459.4404
7761.0938
5730.835
4098.9004
2363.9219
6540.4053
3724.6643
2676.74
2255.3354
5533.3887
5069.821
540.60614
1644.7495
1569.0819
5009.0254
2067.423
2431.7107
3062.746
2224.1267
2704.746
3612.8796
3403.5383
2907.2454
918.95056
3355.804
6099.0625
4654.791
5911.1855
6413.3916
3767.9958
4067.5054
3081.7483
4045.8171
7695.787
7219.356
3875.111
4474.4087
5089.15
4209.937
1679.539
3081.3682
2439.3455
4282.465
4555.93
4210.025
4214.794
3373.1824
4684.791
3639.8105
3702.873
4894.244
4818.4634
5841.5186
5740.561
7240.464
5367.5366
5191.808
3859.0984
4136.7744
3648.0522
3402.0818
2768.7786
1782.9801
3789.6716
3968.4285
4010.9702
5828.929
7095.6357
8303.549
8178.341
7546.9766
4508.1323
2185.372
2208.2996
723.525
459.56546
469.76935
839.5681
897.8758
1909.6284
4204.9033
4552.873
4188.505
2999.0017
1656.1996
2708.173
5006.992
7772.3237
7968.436
9014.306
7467.4287
5461.085
5131.3486
4238.9263
4512.606
3158.9705
2688.6377
1916.5444
854.5474
1311.5441
1498.6228
2903.7615
3359.3801
3651.4546
1159.6238
813.2226
1450.5759
2916.8801
4016.0542
5094.206
5535.4683
4949.161
5848.872
6244.782
5682.3906
4426.5386
2819.943
2107.2627
3442.635
2280.7524
3053.947
2385.4807
937.6138
1813.6498
1410.2156
72.63444
720.11584
1424.6818
539.4505
703.0884
2162.6636
2511.4897
1848.3395
2741.142
1717.6018
1891.0681
1084.7941
2138.1223
3426.06
3135.7002
2855.81
2906.1033
2425.6692
1820.9622
2131.2517
1174.2109
111.61602
986.23334
2353.0273
1724.472
1401.4188
2135.835
1982.593
1764.4678
898.1859
610.3124
1712.5511
884.2909
665.51996
516.3064
402.7426
346.12778
790.85864
770.72784
1138.0231
849.7759
749.6794
1038.2268
2050.4778
1511.6613
696.0176
779.3209
549.2184
1102.0776
601.0867
715.4335
1315.8472
1849.8624
1194.4062
822.0118
1513.7454
1549.1626
2406.7642
1638.5645
900.2257
1313.6127
337.9372
611.5219
700.3206
666.5211
912.68665
1022.81555
1036.6954
643.83026
668.55096
1887.3624
3288.7065
1839.7495
1210.812
99.088646
1100.0704
889.5408
1169.4207
2061.2612
2296.8416
1854.5978
1271.1194
1097.9933
1001.138
124.76391
864.1033
1465.9084
394.11197
1864.9525
1553.5692
651.64386
445.76114
648.3575
405.69974
1247.2205
3405.2607
2961.6199
2241.128
411.72217
3236.8594
3283.7053
2434.601
2059.2244
1552.3169
2759.924
1892.3308
441.52133
1181.9983
2805.9211
4474.489
4315.742
6619.4775
3564.6313
3793.957
2977.8691
3752.8594
3931.6653
5480.2593
7629.152
6666.22
4752.752
2799.2812
10260.995
13616.713
6252.0576
5725.8955
9566.129
9487.983
3334.9666
5550.8525
10836.818
21429.107
10836.818
5550.8525
3334.9666
9487.983
9566.129
5725.8955
6252.0576
13616.713
10260.995
2799.2812
4752.752
6666.22
7629.152
5480.2593
3931.6653
3752.8594
2977.8691
3793.957
3564.6313
6619.4775
4315.742
4474.489
2805.9211
1181.9983
441.52133
1892.3308
2759.924
1552.3169
2059.2244
2434.601
3283.7053
3236.8594
411.72217
2241.128
2961.6199
3405.2607
1247.2205
405.69974
648.3575
445.76114
651.64386
1553.5692
1864.9525
394.11197
1465.9084
864.1033
124.76391
1001.138
1097.9933
1271.1194
1854.5978
2296.8416
2061.2612
1169.4207
889.5408
1100.0704
99.088646
1210.812
1839.7495
3288.7065
1887.3624
668.55096
643.83026
1036.6954
1022.81555
912.68665
666.5211
700.3206
611.5219
337.9372
1313.6127
900.2257
1638.5645
2406.7642
1549.1626
1513.7454
822.0118
1194.4062
1849.8624
1315.8472
715.4335
601.0867
1102.0776
549.2184
779.3209
696.0176
1511.6613
2050.4778
1038.2268
749.6794
849.7759
1138.0231
770.72784
790.85864
346.12778
402.7426
516.3064
665.51996
884.2909
1712.5511
610.3124
898.1859
1764.4678
1982.593
2135.835
1401.4188
1724.472
2353.0273
986.23334
111.61602
1174.2109
2131.2517
1820.9622
2425.6692
2906.1033
2855.81
3135.7002
3426.06
2138.1223
1084.7941
1891.0681
1717.6018
2741.142
1848.3395
2511.4897
2162.6636
703.0884
539.4505
1424.6818
720.11584
72.63444
1410.2156
1813.6498
937.6138
2385.4807
3053.947
2280.7524
3442.635
2107.2627
2819.943
4426.5386
5682.3906
6244.782
5848.872
4949.161
5535.4683
5094.206
4016.0542
2916.8801
1450.5759
813.2226
1159.6238
3651.4546
3359.3801
2903.7615
1498.6228
1311.5441
854.5474
1916.5444
2688.6377
3158.9705
4512.606
4238.9263
5131.3486
5461.085
7467.4287
9014.306
7968.436
7772.3237
5006.992
2708.173
1656.1996
2999.0017
4188.505
4552.873
4204.9033
1909.6284
897.8758
839.5681
469.76935
459.56546
723.525
2208.2996
2185.372
4508.1323
7546.9766
8178.341
8303.549
7095.6357
5828.929
4010.9702
3968.4285
3789.6716
1782.9805
2768.7786
3402.0818
3648.0522
4136.7744
3859.0984
5191.808
5367.5366
7240.464
5740.561
5841.5186
4818.4634
4894.244
3702.873
3639.8105
4684.791
3373.1824
4214.794
4210.025
4555.93
4282.465
2439.3455
3081.3682
1679.539
4209.937
5089.15
4474.4087
3875.111
7219.356
7695.787
4045.8171
3081.7483
4067.5054
3767.9958
6413.3916
5911.1855
4654.791
6099.0625
3355.804
918.95056
2907.2454
3403.5383
3612.8796
2704.746
2224.1267
3062.746
2431.7107
2067.423
5009.0254
1569.0819
1644.7495
540.6062
5069.821
5533.3887
2255.3354
2676.74
3724.6643
6540.4053
2363.9219
4098.9004
5730.835
7761.0938
7459.4404
1438.8716
5799.454
7375.436
5168.2075
2418.1384
1222.0524
7799.296
6249.651
4744.6274
7165.599
6614.2236
7399.001
15101.781
9156.036
18316.799
44281.84
64121.508
63792.676
40853.87
13273.339
10810.716
15079.971
3724.9941
5678.666
8666.824
3422.9177
3319.3909
7965.9106
1227.5277
4251.7476
2627.288
1339.4446
1406.7753
3535.9724
4203.6523
2991.7905
5054.731
4385.943
3539.071
6175.8066
2704.6501
3750.707
3691.395
795.9629
2602.2095
3316.9763
3829.036
3927.8672
4123.9424
5735.154
3846.2463
4961.256
4500.5303
3003.255
5832.3486
3341.5134
6230.179
5194.902
4436.4854
3664.4385
2709.5994
4454.724
2821.2861
4179.2153
5176.994
4357.0215
5239.5176
5384.583
5036.6597
5931.547
4248.5215
4394.908
2373.7056
2494.6267
2236.1409
2571.7031
4427.8604
3249.6255
5233.947
5037.336
4614.1895
2761.6536
1713.3857
2422.9036
3475.8076
3127.0503
3562.573
1846.9575
2220.7737
224.93048
288.5285
1077.7466
294.09076
1534.7991
1355.1935
1052.2809
1335.2192
1470.2764
1790.0388
279.39554
1090.3436
979.94995
2753.4666
1839.5582
2940.4514
1978.9572
2370.1013
1755.1779
2604.0742
2790.1077
3980.8516
4877.585
4787.027
4163.8057
3485.9297
3016.9526
3375.572
4906.698
4735.7954
5595.1846
4943.9277
5177.7573
4514.7812
5019.456
4075.9438
4731.8022
5089.955
6316.1284
6296.4434
6371.3003
4621.4688
3619.114
4479.099
5041.7617
5945.166
4762.049
3674.7036
3255.9592
4963.205
5199.6064
4762.8105
2563.6538
2243.9663
2657.1775
4110.13
3453.902
1973.1229
1082.952
2503.2664
3994.107
4347.8384
2605.5945
2088.6858
1548.4856
1470.8678
1722.9489
1628.0656
1609.1855
1286.3094
1113.383
846.5255
1351.4822
3560.8318
2902.228
2231.5059
2063.773
1034.1667
3189.8767
4136.696
4121.5786
3743.0964
1921.0308
738.33044
1676.3296
2680.252
3726.797
2491.546
367.77136
716.4722
833.0779
1864.6002
1802.0839
1196.6471
1132.1516
1583.3772
3369.988
3725.8164
4000.821
4195.5176
3584.079
4329.548
3476.0574
4469.323
5941.9077
3593.3027
3099.3943
4257.7837
959.1618
3150.141
4615.2944
2723.3389
2576.603
3119.632
2209.9116
667.585
285.14145
1844.7013
3239.8542
2018.8431
2548.0771
5525.3286
4128.776
3098.225
6927.5063
4545.2573
5114.0195
10464.029
7530.0024
3159.8667
10599.911
9874.99
4380.1553
8087.892
8714.941
5356.435
6913.687
8008.482
6804.3574
5393.4272
3049.7437
5083.7007
7797.355
5626.0728
505.9671
3899.2852
4117.1704
1458.6392
2350.9553
3128.865
3212.1543
3535.7578
2697.2654
3248.6443
4887.676
4834.3696
2552.1316
2700.6963
4427.4053
3868.1802
1529.0344
1440.6156
2520.0999
1909.3518
1425.965
2849.2993
3654.046
3845.3235
3361.402
1960.2374
1201.813
1047.6925
1596.7902
1697.5365
189.53505
1656.1223
1471.2731
1770.5977
4014.8828
4598.17
3923.9253
3930.7717
3661.685
2892.686
2277.9636
2383.3008
2811.145
3090.7317
3710.8801
4414.73
4328.7163
3360.216
3085.3062
3671.9216
4263.913
3928.638
3078.5605
2718.5005
3112.877
3530.1448
3600.2666
3257.7932
2909.7993
2843.3877
3038.1023
4190.2153
5088.942
5013.0713
4161.7817
4166.469
3816.859
2904.8418
2343.456
2876.2688
3720.2852
4337.163
3405.6685
1690.2
995.34814
1606.1599
1751.2797
2461.4758
4419.48
5154.3096
4504.4
4193.299
2673.2178
972.9631
3132.4526
4071.685
4262.9336
4767.8896
4409.1387
3471.9312
3441.9497
3327.42
3312.897
3613.5183
3217.5198
2381.9187
3924.7961
6249.5557
6166.6206
3581.6719
1728.2717
3230.5295
4523.6577
4895.8955
2886.3572
1099.9409
4826.296
6761.3804
6334.5557
3752.5776
779.586
4528.2783
7337.744
8039.8057
5342.666
809.24786
3947.5269
5549.3774
4881.01
2110.832
951.09204
4472.929
6421.547
6142.402
3448.29
920.3304
2730.5676
3813.416
3050.4873
1572.3131
1326.5819
3027.5652
4283.3164
2700.5598
875.15955
1047.4509
879.5342
307.03558
1065.5494
704.7679
603.59076
459.1414
523.731
356.56223
786.8841
896.41144
171.55719
793.48724
766.12775
1051.1519
958.158
2151.9377
3196.4612
3954.9258
2078.2554
564.39856
1714.476
1376.9979
1065.3097
1532.9357
1030.6788
897.59674
1892.8008
2517.045
2174.821
1196.1664
1997.8561
613.723
406.94275
1789.3617
506.00507
2137.3606
3854.6282
2455.8682
1727.2114
4415.02
4260.019
3005.4553
5904.6084
7091.7017
5389.6187
3847.5469
4163.2075
4288.1953
7109.7603
8944.522
6606.7783
1345.0322
5510.3496
8404.856
7510.318
6636.5405
4154.674
1802.9012
6924.277
9640.707
6585.8164
2628.4214
1390.1018
2781.1697
4912.4526
7104.718
7194.1396
6485.398
7300.77
6653.6167
5019.7314
3193.5173
4123.056
5447.306
6176.924
5606.851
6857.456
8039.754
6181.443
3454.5225
1272.833
2435.9285
3579.3945
6370.8403
5833.54
4848.152
3715.625
2961.6736
1155.7203
1789.2527
2708.6284
4023.047
4217.842
3418.7812
3843.966
2795.9468
996.6001
1811.0002
2596.942
1836.1337
1818.3881
3786.0276
3044.8381
2191.7463
3354.473
2774.5056
3199.6748
2010.9924
2003.5116
2070.168
1534.5444
1399.1005
3545.5
2201.7
2529.9668
3282.985
1759.3071
2485.9414
2048.5115
1542.3263
903.4928
3218.7742
2726.971
1854.476
1163.5126
1740.5764
1632.6827
4081.2578
1966.3748
3730.0732
5467.3545
475.23254
5461.4976
2486.4897
2684.95
5773.5327
2414.7563
4889.5796
4654.2095
3630.2356
5337.061
2490.2654
2844.5854
5124.942
3374.8274
6303.493
4157.29
1632.7639
6513.8853
1167.7659
4383.183
5231.663
1166.4453
3126.84
1100.2979
1104.5623
1121.0808
1270.2688
607.03937
2096.7761
1112.7424
1257.8094
2298.4617
4489.605
1206.7643
1071.9338
3556.6655
2734.4094
3097.0955
2800.4248
2428.0078
3852.6882
3225.3484
1256.2246
2977.69
4503.3164
833.7384
3584.499
3775.38
2567.5593
1317.9597
4603.708
4183.59
3861.1667
9507.168
2048.0132
7818.1353
9314.582
1791.0897
9674.915
12738.535
10357.334
19960.662
53101.44
71544.49
60783.676
39483.22
10860.18
12610.649
16283.207
3343.1428
9837.212
8108.361
2968.0452
5808.6216
4933.5347
6802.052
3567.5793
6677.6396
6741.3184
9790.643
7493.139
3706.3848
1950.453
5127.742
7326.178
6250.269
9695.573
4944.0693
4024.0652
6385.707
7199.318
10812.519
6394.285
6892.404
6040.159
4971.994
8598.236
7336.243
9076.772
4613.857
2423.222
7390.764
7241.9473
7287.9473
5392.033
3513.6804
4214.3525
2913.2717
3727.2764
4147.978
1465.1177
1701.6318
1551.9785
3827.3298
1523.0804
1414.0554
356.61868
681.47516
380.1674
1741.2043
3009.0352
1087.0151
4689.217
2914.3528
2918.241
4046.8464
3873.7666
1751.205
1992.4604
4625.138
1842.3656
2032.6475
4953.316
2056.3962
4162.6055
1338.1174
3742.7683
3071.901
2523.5242
2909.079
2599.2622
2847.7
2970.093
1622.2747
2185.6636
2064.716
2272.3503
2648.6404
2912.333
3893.6267
3871.7605
3714.8232
3711.6438
3450.9646
2573.898
2197.8308
656.5355
1951.9465
1379.6844
2109.2368
3215.0906
3813.4473
3137.4104
3651.5713
2457.2944
3584.5693
2935.2856
3240.58
2565.72
2645.8071
2164.4014
1766.5007
1972.5988
1490.371
875.4702
1962.5756
3034.3057
3892.6008
3417.4158
3718.164
4046.9458
4809.3525
4268.7764
3287.3813
2787.3838
2032.9648
1998.7947
3824.0608
3688.4526
4785.6245
4362.58
4245.2524
3468.349
4538.211
5511.312
5457.3457
5505.26
4920.425
5308.5146
5700.531
5117.567
3676.7625
3190.1326
3464.2344
4263.248
4740.813
5645.6143
4753.5347
5601.004
6149.8633
6438.191
6889.6006
5012.7793
3452.1433
1552.8022
1896.7816
2718.26
3189.342
3376.2551
2755.8467
2099.9404
3199.0483
3194.9255
3959.0513
3338.3323
2839.603
3938.8237
3865.4138
3354.5586
1367.0763
348.32996
1715.1588
1919.2689
967.63684
1957.705
3248.7544
2840.5808
2853.5068
3320.4927
5185.8936
6025.1064
5129.6133
3783.1245
5267.4106
7810.206
7115.3394
4634.9053
1988.505
4633.7603
6996.613
7319.743
4691.868
2524.653
4462.221
6022.5396
5958.716
5308.424
5713.601
5745.751
4625.7534
3699.3281
4120.1675
5747.314
5901.831
3858.6306
1698.2341
1461.4193
3159.0767
2515.6125
1570.7963
379.02615
902.1285
1418.8134
935.3526
557.21844
1083.5668
1920.8202
572.1568
1098.0122
341.20596
815.4427
1105.5938
3418.2788
3490.1416
2710.5835
1427.8958
519.91455
2466.002
3657.6582
3521.1199
3812.268
1752.1075
1816.7153
1039.6531
3211.9692
3432.5535
3234.112
2946.385
2434.7385
3073.1514
3923.626
1750.7185
2927.3965
2150.9973
2886.7603
2153.313
3057.6685
3354.5022
3169.2173
3404.2437
1822.9777
1691.6405
3108.2568
3521.5242
5707.4175
4153.397
4603.959
3914.0674
2652.415
4784.1655
4652.225
5696.447
2891.7488
3577.9897
3505.0935
1869.7887
4054.636
1954.9469
4789.7217
4751.8438
3564.9634
6458.14
3296.1755
8021.673
4772.841
6386.1357
4775.646
8390.801
6819.0938
6238.272
8288.345
2880.555
5182.6597
4313.0356
7543.88
1976.734
4889.66
2792.5466
1707.1875
1721.5457
1329.0769
2470.7117
1764.8064
1701.7322
3482.4626
3288.871
2730.8965
1536.3832
1607.5952
2583.5447
4496.776
3168.7168
1645.199
3095.6973
3524.7073
2774.557
4564.458
7244.539
6871.3335
3989.4958
2413.0781
2281.8306
939.06256
3430.5317
6135.5723
6728.107
6410.965
5797.924
4248.91
2778.2424
1417.008
3779.0217
5334.4595
4908.442
4259.622
5971.568
7857.2715
8159.768
8340.789
7595.6147
4865.267
2044.4723
3347.7637
5754.637
7328.163
6688.9634
6231.193
6212.2397
7126.734
7538.446
8613.371
6953.228
4190.3687
468.2196
4441.4053
8224.11
8601.784
7386.8833
5537.0264
2553.4902
2889.6782
5237.7173
5171.9004
5020.1294
5194.787
3250.2422
5043.8364
6645.7627
6387.1147
6608.6733
5266.1636
5335.352
3573.5002
1803.948
1908.0775
3359.0303
3792.3179
5409.6777
5423.9634
3882.7944
4235.4253
3916.8154
5871.3213
7106.9688
5350.505
4252.7686
1323.7161
1580.1191
2915.4321
5023.402
4631.562
3790.4048
1992.5159
1965.6692
2367.8237
2773.0403
3884.205
2912.985
2519.5442
1884.8204
1357.485
1806.1863
1825.6234
2500.1455
1836.2332
2286.5474
1541.0436
955.0249
663.4565
2013.2292
1691.2853
1016.031
1414.6079
1873.8163
2067.3032
1817.9773
2440.89
2868.6572
1871.712
1716.1212
2018.5955
2591.047
2356.7034
2834.9763
1167.1472
1204.0908
805.2917
2434.721
1564.7911
2652.0652
2605.2454
988.1221
1475.2166
755.7238
2913.2705
2866.1611
2402.94
2159.3262
1315.8613
1642.369
4347.0493
3748.1484
2551.8662
3047.0679
1532.1469
3953.0212
3386.6191
4899.031
5705.7
2043.1188
883.9451
2609.1375
5315.0273
5496.0107
5972.3726
4105.5044
3842.6494
3813.304
4931.22
2908.0234
9292.355
8667.313
873.28986
5464.9897
7718.9053
10521.721
3368.8958
10671.325
11818.103
3379.9016
5014.358
7769.642
12002.076
4949.7676
7220.521
11048.974
3563.5476
2340.2646
2954.9307
8431.14
5447.7554
5810.575
6138.0664
3385.1152
657.0754
2494.74
3002.211
5995.847
4193.8086
1455.897
2580.2688
1568.3558
2878.4927
2929.1448
3778.2478
4514.712
1508.6392
1075.9673
487.68332
3383.8547
2881.2937
3130.015
4646.827
2736.5266
1938.6565
3099.222
724.675
1871.8953
2459.398
1065.352
3512.7058
2115.9026
1601.9166
2151.9602
1867.8992
784.95215
1571.4368
2759.6628
885.43805
1326.3739
1927.5546
1195.1893
1746.8802
2933.192
307.5518
2933.3198
625.88745
1673.354
975.2697
4407.9834
1673.0638
3359.8716
2472.9404
2131.0474
454.19308
4371.123
853.3832
3562.4246
4390.313
296.72824
5092.35
1071.9606
2649.2744
2218.074
4600.727
1491.361
3175.3057
5482.3345
2828.1064
3601.916
8195.375
3645.4692
7863.088
11492.795
3300.2815
13088.026
17855.88
5123.1523
31263.525
62829.008
74237.195
69979.86
40552.17
4586.6704
15635.65
13811.221
4105.9546
7857.1035
12935.564
3341.0032
11011.979
7082.5225
7976.4775
5279.9834
4685.888
6599.6035
4234.1416
7458.3394
2205.9822
6155.8867
1309.325
5725.119
3889.6511
10054.215
7446.1377
9490.469
10831.114
8520.102
5157.004
2119.5562
3773.0935
2719.7505
4419.6763
3364.8005
8030.1025
6820.078
8880.835
7674.1826
8069.089
3405.4185
2023.5864
4502.888
1544.9985
5430.382
6383.5156
7940.966
5340.6846
5741.0146
2951.1956
4601.7783
918.7985
1076.0216
2952.7002
2160.017
4280.7554
3859.348
5707.906
3927.92
2548.2886
3470.5037
4829.039
7365.673
8154.2153
8696.002
7427.0312
6898.029
8929.457
9184.033
7236.26
8691.65
10428.714
8290.901
5956.348
8038.8438
10055.387
6541.1733
2905.9287
7315.6084
6492.0376
3736.091
3908.3042
4116.8755
2501.3022
1943.8871
413.5786
890.86884
1069.7122
780.3924
594.5145
2295.1655
1835.1664
1774.1422
2596.2415
663.8247
955.5248
3577.581
2607.8867
1148.471
835.6683
619.39355
2345.323
2598.5994
1836.1505
1657.9792
4563.907
3653.9187
3046.1584
2718.4773
2737.4973
4391.938
1540.9664
3250.617
3390.2554
6275.986
3248.3374
4288.8335
3718.3257
4468.7085
3200.7852
2645.1387
4117.949
3910.1892
5034.958
2924.2424
4266.4897
4581.6313
5210.2974
3819.1313
3384.0864
5043.45
4159.8203
4365.939
4622.2026
6153.529
5514.524
4328.318
4480.6807
4564.8193
5538.4966
4144.203
4389.4517
4809.869
5533.915
4548.619
2388.0735
3773.399
3245.4194
3009.4119
1864.0076
2786.0166
3198.013
2913.3962
3507.271
3853.3633
4296.4155
2289.6438
1307.0513
1757.7178
1937.5288
2281.2754
1673.8376
1174.3434
2449.8076
3226.0244
1500.7688
1734.0702
2981.6301
2278.7437
1183.5507
1805.2349
619.2987
827.21045
845.9299
1222.0929
1687.3271
1344.9598
1682.1271
3722.0872
4329.155
1224.6249
2693.8826
4361.4663
2698.2615
1062.9445
2910.181
1950.1328
560.0449
1391.0852
946.1157
1908.5934
2800.5823
2449.8882
3294.0767
3638.059
1968.3318
2437.2644
3440.7886
3644.351
5350.805
5598.0557
3118.052
6648.2173
9495.582
6384.869
3372.494
9020.453
10181.876
6198.8867
5425.2974
9214.754
10379.934
8800.321
4922.205
6392.984
11026.977
10279.698
3725.4858
5680.2446
10760.481
9498.681
2992.3037
6277.131
10047.9375
8293.6875
4386.9487
3404.575
5540.5444
5573.371
4711.5234
4061.511
4051.6948
5133.82
6785.2637
7059.306
5117.101
4158.7764
6326.406
7166.738
5000.221
3138.321
4848.9043
5894.2466
4614.7007
3202.2166
4077.6362
4853.4453
4132.659
2699.7112
2944.4404
4210.226
4845.004
4740.781
3896.7805
3250.1487
3550.7544
3829.2031
2922.3816
1742.4777
2138.2285
2439.1145
1700.6305
1844.438
3071.948
3154.1829
2499.4233
1720.8553
1368.307
1596.3267
2354.2554
3027.0776
3378.4417
3383.9055
3570.0957
3141.9514
2255.7305
1767.8245
2314.3657
2541.2742
2144.1047
2889.6782
4060.2678
4232.5215
3544.359
3513.6716
4193.659
4350.1333
3192.2664
1969.2909
839.27026
658.5299
1289.2789
2467.9602
3789.1167
4962.3867
4770.5137
3227.9863
1836.2764
3594.6177
3813.8374
1774.7217
2189.1775
5362.2085
6117.701
4323.3755
2549.7212
3827.1929
5046.516
4390.942
3054.5508
3608.4673
4342.9634
4499.922
3905.64
4201.8564
4705.4917
3147.1963
3291.6697
6238.8125
7904.365
6494.6025
1614.9302
4107.301
8011.4673
7902.6987
4315.777
3469.3826
8531.104
10864.624
8870.468
4778.0293
6943.627
10762.295
10657.248
6095.4995
5455.6987
11142.311
12944.804
9794.724
4486.049
7249.9204
10745.08
9364.369
5154.8086
3928.3372
7305.262
7926.5557
5121.763
3130.7898
4587.097
5731.086
5161.75
3011.447
1703.0968
1475.7609
1763.7073
1320.2609
661.01526
309.14328
662.95294
1836.7662
2090.9607
2251.6304
899.93933
1570.9088
3641.7637
3738.955
2944.967
684.68866
2116.8271
3323.0017
1810.618
689.3292
3158.693
4153.985
3030.6743
1649.4758
2335.1428
4105.4355
5043.608
3670.165
3725.4297
2980.636
4108.9443
5024.4224
4399.152
3759.4685
3977.0054
5644.265
6171.913
4775.507
2334.6174
4806.72
6092.2188
4888.1377
4917.84
4380.156
5746.438
4697.274
4101.2007
5399.024
6516.4956
6951.936
5132.1895
3573.3606
3988.9602
5664.45
5087.3696
4556.332
2574.5369
5246.6816
6861.109
3887.5776
5475.538
2284.0632
7108.222
8318.049
1650.0602
5993.646
2328.813
5674.261
6862.19
807.5932
7079.7017
3381.4119
2853.43
4040.57
3466.8833
7060.8584
4653.5576
2869.375
2803.5261
4614.083
7152.8765
7321.5503
4373.9873
2420.6914
4766.9746
7466.166
7846.951
6089.5225
6519.9927
6886.701
8545.347
6029.6655
5339.096
8261.548
9993.737
10343.508
8073.711
6994.918
7159.653
8406.988
4885.2456
4009.4497
7988.0464
10669.598
10026.128
4624.379
828.81433
4673.6294
7609.5146
5907.594
2879.3438
4293.946
6188.118
7535.494
5721.4907
2615.223
4848.288
6190.603
4885.4707
5062.326
1845.8131
519.0862
1665.5934
4934.111
4782.7866
4651.23
3442.3425
3298.6611
6223.216
5005.578
3850.4514
1442.8563
2426.4624
2578.1619
3954.8347
1971.0238
3159.6965
6642.4575
4937.1133
4808.6484
2066.9756
2719.508
3920.951
4843.4243
2463.767
2628.425
3609.775
3404.4573
4874.2764
5092.7734
2002.5228
1565.4244
4735.144
2973.0598
5167.9897
2443.1743
706.4714
2922.6792
4167.4253
1666.0282
2747.852
3176.1807
2099.6008
4570.866
3036.226
622.23596
3948.921
4836.7207
2321.372
2736.8865
3380.482
2058.2273
5985.5415
4355.499
2161.716
2115.5571
6982.23
2957.6782
8247.348
1086.9927
5014.7783
5950.334
11275.21
5404.964
8168.594
8054.8696
6227.872
15711.713
11704.816
9394.333
9273.773
24750.648
2664.1292
46768.598
73023.14
95280.75
83494.85
31376.2
13668.955
17672.242
21628.354
6112.009
12498.507
9252.404
8033.6416
13431.538
10780.237
8000.291
4229.2886
8858.518
4045.9976
10021.594
3882.9148
5271.5864
831.04016
6518.039
2523.2925
6268.5586
446.7702
3532.6003
1228.3196
3663.0615
149.8978
3154.423
1302.3849
1842.263
1210.26
2997.102
783.5539
3602.8003
473.99127
3036.4917
1339.2496
5406.4893
1957.0336
3975.2583
738.33685
3407.4097
2947.871
5734.713
3835.796
5235.233
1332.5925
2087.0713
1800.966
2550.785
2534.0168
3027.444
1095.2599
2215.2905
580.3022
1647.9474
1106.902
637.02704
1741.5264
2375.7876
2393.1326
4084.3132
1418.8229
1613.0254
2877.1772
2634.8022
4717.2803
5025.413
5607.683
4762.9204
3124.5256
2640.1882
4514.4165
4742.8066
6862.714
6616.5215
6990.9727
7258.4404
6456.0044
5818.034
4720.7905
4148.2915
4603.3257
5814.8574
7493.9146
9576.626
7861.529
7421.027
5041.1313
5219.9272
5343.177
6904.2236
6976.651
8890.717
8182.5767
9129.422
6962.5283
6052.857
3575.5935
4135.245
4872.605
7303.1763
6568.4136
5570.3506
2116.2708
4935.424
6531.9233
6461.668
5449.6587
5238.88
1732.0643
1484.6586
4991.156
6873.082
5829.1333
4221.5586
902.5923
1230.9242
5120.1064
4908.658
3410.4446
2618.8147
656.9009
1881.0122
4060.8699
3444.9795
3969.677
595.44476
2874.925
1744.3674
1816.3818
2291.6658
1386.7411
3060.6184
1191.186
2042.5477
1251.1416
698.55963
2625.3225
3886.6897
1109.1567
5343.599
3556.6897
5908.646
3561.088
5051.4287
6627.5376
2806.757
6891.4717
1971.9592
6893.181
4096.1377
5726.42
6082.406
3580.7085
6178.752
2819.786
5185.93
5090.1265
5175.1333
7436.3223
4225.0024
7032.6177
5946.4897
7119.374
7410.043
6674.512
8243.798
7590.0137
8631.245
7980.1343
7388.5137
7535.8477
6286.2427
7557.8643
7747.0747
7167.2437
8915.626
7360.772
7384.1455
5729.747
6138.1357
6859.669
6619.836
7658.352
6012.1753
7119.2607
5557.4956
5269.09
4910.111
3835.0725
4718.973
5704.586
5769.209
5594.9067
5292.16
4675.641
2432.1545
1901.9089
1083.3835
1132.8456
2662.7678
1201.5133
2298.9333
1561.0717
2141.6377
1587.4329
1848.2449
1477.8232
1378.2987
1412.5339
1148.7689
3146.8838
3008.2163
2720.6418
2419.1787
1651.3147
1882.6082
670.0617
1515.8833
2546.07
3758.849
4506.7607
4998.409
5543.133
3310.7737
4678.563
3058.1062
2691.7642
3928.222
3662.1091
5568.337
5585.9243
6191.715
5737.536
5882.4624
4012.2458
5163.406
4997.5967
4645.3076
7407.514
5585.119
7108.952
7463.753
6852.507
7029.201
6317.1133
6080.742
5834.452
5959.984
4122.437
7359.927
5720.357
6581.168
8627.338
4746.3364
7867.1123
5592.1934
5626.3696
6374.921
6485.33
3998.517
6536.127
4334.326
6020.7783
9349.648
1921.8755
12919.752
6928.7056
9285.714
12348.631
5496.1377
12640.357
7235.638
9995.237
9911.354
6574.955
9733.478
5680.8745
6824.756
6763.2334
3168.5435
3196.1948
1930.0348
2908.3345
3388.7156
2484.002
2019.5354
3118.9233
1835.7488
3387.25
1914.928
5665.4673
7837.076
3434.511
3999.1174
1375.1437
4279.6055
7400.319
7887.939
7833.101
6340.919
2123.7292
5085.041
5414.0767
8891.531
9602.41
6786.9253
7092.5513
3649.6619
5510.1978
8417.03
8617.131
9317.836
8501.884
5167.609
6467.1743
6547.816
8955.535
8576.23
7122.2856
7551.334
6017.3447
7736.313
7371.9204
6720.3926
8150.287
6617.075
6286.639
7857.754
5527.5674
6685.0996
5819.8086
5891.706
6502.252
5328.3535
5820.7134
4015.46
3194.79
3878.8103
2839.3896
4953.244
4371.455
1590.2659
4430.9785
2071.5188
3338.134
4110.999
2779.364
3741.9424
2688.3828
3518.0093
3044.2532
3492.6396
3905.6316
2493.6848
5128.991
2337.6316
5089.2773
5060.638
2742.3047
6633.2017
4320.581
3969.1145
4338.8174
4190.401
5063.653
5307.3496
7062.155
3415.5864
7864.8086
7351.902
3359.3357
12092.253
5419.8174
9297.509
12741.005
3200.0674
15380.726
10374.688
8668.031
16282.722
5113.5625
14439.754
12254.803
6800.6655
15927.247
6591.8184
9585.962
11684.223
1967.1394
11049.448
6706.951
4039.3254
8446.499
3428.3093
4851.6914
5964.1997
4052.1748
4542.8193
6350.2925
4744.756
4605.9326
7664.0
4174.2617
4260.581
5724.959
1660.4205
4678.818
4011.126
3918.4932
5480.685
4641.26
4200.356
4844.8975
3969.0222
4606.447
6712.273
3504.574
5723.853
6516.158
3501.3367
6813.3755
5648.2656
4769.7427
5765.745
4794.315
5413.6367
4738.2554
6172.2573
7062.7256
6543.8296
6749.1826
7010.536
3989.198
7280.1533
6486.5073
6204.6094
10347.117
9013.386
6961.4746
6665.1235
4627.0605
4962.9653
5098.972
7427.85
8981.5205
6683.631
6953.095
7305.0205
2920.7314
6490.127
6775.494
4703.814
11371.825
9112.584
4478.0483
6314.1187
3471.602
4143.305
7185.7573
7247.0674
9702.351
4672.4766
5781.8105
7704.3496
2879.094
11375.634
10108.421
4933.1133
15487.572
10677.402
8399.017
15086.289
7775.46
13803.6875
18608.256
9154.148
13602.819
15216.291
10583.019
15282.592
11581.317
9525.674
13188.518
7625.9873
9833.779
10430.023
2518.8955
9266.435
7805.0117
2660.7134
7484.298
6546.426
5651.843
4295.7964
6578.0454
6434.751
3509.626
7167.9883
6614.937
3788.5352
7416.8267
4051.5923
5115.3647
7903.607
4579.789
5183.659
7879.975
4236.34
3185.1624
7064.9585
5264.9766
2342.57
7584.296
4152.5327
2249.1858
7343.3403
4938.472
2489.6902
8505.37
5613.6675
2134.5623
8053.018
5529.959
2686.5088
9027.524
5301.067
2416.755
10990.854
6064.2183
1740.8243
13258.755
5095.7856
719.58136
14777.516
7169.7583
1433.64
17675.643
11863.258
3687.5608
24908.611
24797.28
10048.917
61501.586
110061.984
124030.24
97992.99
43655.03
14592.06
25793.295
21480.738
12729.428
13231.137
16117.526
14523.445
7268.247
16741.252
13910.709
6497.8057
19182.098
13683.403
4698.109
17730.514
15227.483
8951.239
15665.613
10232.58
7085.399
14680.172
9280.517
6694.1797
9723.241
8543.753
10004.289
5724.3984
2126.506
6290.3447
6698.15
4394.7876
5779.9214
2318.3684
1322.0432
4053.722
2786.3323
5483.974
833.8145
2745.2407
3807.4536
2796.2942
6792.519
2797.9614
1606.4995
3961.9604
4571.5894
3182.22
3719.471
1637.3402
2435.6128
5178.485
2960.9248
4430.057
529.7843
1555.5015
5231.831
3471.6504
5455.7954
2859.0493
2676.7766
2979.239
2028.8981
3266.7837
2403.1348
1043.947
3384.3599
1992.8835
512.2618
3084.0918
2480.06
1689.7854
5573.7397
5224.256
5986.789
5990.228
6399.9985
9322.227
7736.833
8661.203
10642.661
10674.471
12372.903
11002.86
11855.29
12735.122
11685.189
13306.466
11717.079
11289.331
11967.649
11837.662
14250.79
13300.695
12991.139
12847.784
10844.64
11494.141
10187.209
9531.196
8458.847
6162.1895
7408.0044
6349.5366
5691.601
4931.756
3828.8992
5130.674
3254.815
2538.4832
1969.871
1563.3088
2819.6667
1864.2732
2912.7717
1231.6335
2484.8972
4234.642
5394.8335
5646.0454
3550.286
4383.884
5200.56
6279.989
4663.6514
2031.7007
1873.9917
3343.782
4192.4727
1985.4547
234.13905
2736.3606
2983.034
3192.2166
1790.0519
1389.8846
2984.3098
3727.0142
5898.452
4718.4897
4453.348
5236.776
7962.1694
10156.221
9428.351
8405.691
7314.275
10749.505
13037.041
12964.441
11161.163
9746.812
11211.581
11968.388
13265.934
11642.706
10628.911
10311.622
11526.36
12847.483
12980.111
12828.293
10367.056
10483.536
10866.441
11370.782
10391.218
9004.874
8220.446
7493.939
9046.849
7641.964
6875.69
5994.0063
5351.127
4738.7104
4955.216
5219.95
3127.6965
3526.2634
1523.908
1016.8865
1998.7373
1603.5742
2476.0845
3695.0303
430.23892
3291.5286
4664.3555
2245.0237
4922.419
3403.271
2737.9868
5587.034
4638.6626
3431.9663
4461.4814
5240.7134
6853.051
7873.2285
6963.4688
6354.7075
7351.577
8498.985
8556.29
9235.918
7559.0303
8793.874
9995.285
11121.25
11135.124
11304.582
10978.88
12311.506
12943.326
12337.206
11168.613
10296.014
11214.22
13442.519
14203.89
12874.118
11506.899
10755.597
11846.663
12858.476
12751.569
11033.557
9829.013
9234.488
10710.791
10742.872
9307.218
6980.5854
5734.095
5705.82
6567.899
6306.329
5017.1704
3263.96
2443.9275
3077.8926
3685.6917
3486.7397
3356.6423
2163.0784
1840.9556
3315.6072
5054.531
5668.362
5714.8135
5177.539
5677.743
7241.635
9276.234
10836.723
11062.352
10360.998
9552.919
9176.944
10176.19
11548.328
11676.567
11079.736
10258.424
9847.634
9993.282
10436.881
11020.992
11156.641
11132.889
11222.22
11136.214
11605.42
12301.32
12167.611
11974.281
11973.132
11721.149
11299.471
10958.714
10941.033
10213.572
9218.671
8169.5444
7064.018
6369.679
6205.771
5355.695
5109.432
5018.9194
5111.6553
5024.1045
5783.1807
6360.9946
6396.761
6039.4146
6507.774
6469.9414
6672.5283
6452.4526
5980.6265
6252.061
6156.9556
6216.314
7076.4688
8512.997
8901.547
9727.065
10660.064
10571.67
10431.641
10812.971
11056.629
11115.448
11540.191
11696.403
13182.9375
13027.805
12708.463
12846.797
13510.981
12221.801
12756.564
13426.858
12160.014
11544.231
11191.506
10363.824
9543.147
9371.8545
9391.228
10524.654
9283.673
8135.0703
10418.855
10273.301
6687.355
9375.769
11306.933
6694.0483
9929.781
12724.682
8067.7075
8249.645
11990.061
6676.67
5621.7256
10095.854
6221.4937
5175.0757
8635.925
6948.7397
6537.353
9957.078
8868.51
8461.445
11279.867
10786.434
11182.329
11089.916
11995.044
12382.531
11217.625
12521.956
11805.819
10730.563
10983.768
11610.73
10475.526
10793.065
11058.284
9038.702
9625.357
8986.959
9034.772
7949.2837
8004.664
9253.248
8501.678
9198.579
9456.941
9791.883
9616.157
10363.795
10400.575
9570.878
11094.33
10453.663
11302.505
11841.661
11214.854
11180.635
10320.063
11810.73
10957.039
10134.502
11439.43
9707.412
10390.131
9822.05
9421.635
10835.337
10377.51
11286.801
11038.251
11419.316
11620.538
10733.3125
11894.63
10548.229
10804.13
12635.944
11897.684
12471.782
11593.723
12615.271
12986.611
12221.251
12670.112
11328.728
12240.179
11532.704
10691.604
12337.088
11332.272
11967.952
12352.989
10932.663
11585.352
11344.513
11924.006
11291.815
10209.902
12081.699
10709.125
8788.431
9430.175
8705.662
9550.873
8514.847
7530.8823
9397.321
7443.9424
7737.695
8722.425
6657.557
9491.586
9183.083
8169.412
10956.849
11260.113
12660.096
9923.354
9655.488
14749.0205
11975.943
9261.557
14285.219
14960.009
12520.706
10441.471
13856.012
15822.207
9357.036
11273.299
16631.834
10707.617
8606.086
14274.287
12976.823
10599.573
10372.409
12929.08
13155.956
8205.902
10919.923
13054.414
8461.593
10784.996
12502.375
9413.804
11034.949
10095.459
8834.297
12294.747
11113.124
11177.701
14644.095
11958.912
12187.135
15171.321
12686.108
14591.769
13774.332
11315.465
15632.418
13407.168
10741.256
15243.269
11995.729
10518.252
14646.37
9848.451
9876.977
13432.607
8474.226
10147.63
11884.138
6190.928
8974.283
11225.948
5631.8237
9443.721
11260.947
3629.869
8426.244
12794.798
5057.7876
10428.189
12266.85
4056.968
12009.798
11937.357
2356.5078
12275.304
13804.384
3596.93
14921.772
14738.052
3357.6355
18627.732
16574.979
4386.95
22079.365
18954.928
6196.817
29191.729
23985.94
11581.378
43191.766
39788.273
24285.643
116106.69
185396.36
200800.6
144030.55
59406.215
19351.072
43599.684
22580.648
12569.101
23142.15
16862.518
10959.683
13230.639
13871.795
3102.9922
14762.593
6788.809
6126.7065
10588.955
8769.853
6544.0923
6039.4463
8827.536
1365.2994
9177.959
4454.2295
3493.4016
7414.6235
5878.8555
4669.195
4228.2656
6352.598
2518.095
6489.749
3016.5554
2295.6501
5482.1094
3497.8333
3035.4006
4788.6064
2569.7117
2994.0862
3415.116
2992.5146
2573.221
3704.5652
1971.1957
2826.3425
2925.2314
2569.033
1965.1389
3586.855
2563.7373
2606.4875
2618.8633
2685.4316
1975.38
3171.5435
1433.8281
2346.8054
2279.8037
1623.9385
2337.2659
1949.2123
2109.5046
1336.2535
2659.0254
1072.5709
2266.15
1734.0018
2387.5864
1736.0972
2553.7183
2192.7393
2220.9207
1691.7312
1402.8282
2585.6975
2059.979
3457.7976
1735.685
3296.939
1678.2458
2898.357
2441.8582
3765.0454
2000.727
3801.1733
479.66107
2614.919
1139.4951
2529.6975
1136.6764
3848.3042
1513.9309
3615.935
1265.4896
3613.0938
1675.8861
4004.7515
1747.0503
3058.0098
1276.3235
3196.962
1008.9555
3342.9543
1186.3662
2040.5743
970.08594
1664.9491
366.35178
2504.1802
893.16296
2006.4464
1668.0093
1591.518
1108.5165
1553.6758
1128.7908
1669.891
981.8879
807.0265
1044.6196
1059.6057
928.0504
981.474
1499.9674
926.5392
1263.401
382.76987
1722.2236
1496.915
1277.3171
2684.1519
1203.3464
2358.516
816.5447
1659.979
1319.58
1241.6704
1386.671
678.64496
1748.2985
90.589615
1774.7998
1201.4844
1799.3594
2116.784
1113.4745
2629.4597
1924.1404
3230.6487
2202.4434
3029.6465
2382.721
2073.143
2623.808
1205.1022
2148.081
1522.6064
1637.9904
1651.5016
1012.5514
2572.7305
1043.2986
2821.0034
2191.8618
2826.8086
1789.5063
1024.3478
1655.6377
347.8948
2079.2058
653.8904
2012.3876
736.49445
2570.3176
1353.7979
2187.0518
1939.5137
1809.2434
2058.4485
358.66495
2310.3003
275.5605
2037.8505
887.4418
1584.2178
1149.1764
774.7198
1715.6125
1065.6642
865.5746
1421.7646
248.14629
2545.8303
551.84204
2922.1
479.07083
1532.9951
1569.1272
264.6163
1964.5126
1803.1924
1376.2219
3250.508
621.1287
3291.3364
820.864
2274.9785
2160.7444
2721.3054
2679.1345
2378.6328
2235.4336
2323.2712
1506.2297
2137.1152
1454.0394
2419.7207
1619.1917
1973.1598
2652.6152
1482.1425
3854.8523
3222.3103
5706.6094
6164.7314
7318.4126
8515.447
8530.451
11807.932
10124.907
12331.319
9168.242
11824.509
7595.046
9001.123
7817.421
7207.9414
7190.2793
5385.539
5436.0444
3982.5884
3879.4736
3563.4927
3754.962
2035.4816
2974.3608
2021.9148
2491.1733
3131.3018
2316.727
4531.6143
3123.1743
4664.6436
2942.738
4013.346
2861.442
4848.895
1702.2417
2732.9985
180.08733
745.99585
4344.4844
4403.077
7116.927
7151.297
10006.514
10166.624
12968.339
12715.721
14388.944
14804.044
15973.928
16838.848
17135.104
15858.65
14611.021
13861.565
12015.817
11062.921
10063.615
8130.497
8114.3223
7033.3457
4969.317
4606.947
3717.2788
5351.973
4899.3013
5416.3403
5567.576
4623.5464
3740.8105
2475.8054
3041.037
3345.7456
4396.953
4132.3677
5541.7017
6034.05
7628.236
8847.267
10125.671
11675.718
13518.376
15013.917
15438.802
16482.455
16089.737
14619.791
14145.252
14539.169
14984.571
14413.067
13956.83
14383.796
13755.253
11886.287
10425.283
8757.07
7566.4023
6591.1763
4837.5938
3759.5835
2820.1663
1464.3702
1064.96
2195.1233
3899.3657
5526.985
7631.413
9437.598
10344.031
11100.881
11831.288
12614.101
12854.114
13063.511
14282.119
14297.732
13717.632
15074.152
16309.128
16287.603
16406.21
15579.488
13825.132
12516.315
11017.362
9307.499
8069.838
7519.7183
7575.913
7203.634
6976.677
7230.6426
6628.437
6308.592
6661.3936
7044.5938
8033.6426
8950.752
9824.524
11336.836
12265.751
12504.012
13337.464
13692.022
13332.313
12834.972
11467.08
10632.321
10696.431
10370.245
10624.369
10834.066
9887.754
9772.945
10000.123
9214.076
9063.688
8934.311
8564.829
9027.542
8700.599
8771.4795
9321.143
8959.552
9208.416
8678.211
8902.654
9743.931
9643.64
10162.824
9902.708
9731.24
9717.75
8777.29
8918.448
8485.895
8139.108
8937.609
9105.661
9907.504
9537.901
9329.83
9729.487
9201.554
9383.464
8442.414
8295.435
7721.9497
7111.1177
6934.1797
6267.818
6744.5225
6236.08
6863.091
6867.8315
7525.214
7849.11
7596.8364
8247.916
8225.452
9331.788
8909.588
8988.366
8018.926
7760.0156
7379.934
7117.988
7080.1196
6431.877
6356.0864
5533.354
5862.8896
5111.1562
5702.4185
5337.977
6351.8887
6259.0747
7222.903
7057.8877
7892.3823
7428.1104
7751.533
6942.093
6833.629
6036.5337
6089.9287
5507.2144
5604.753
5143.1865
5348.601
4998.977
5382.879
5175.0312
5739.862
5203.651
5646.599
4895.3936
5371.904
4694.288
5270.2925
4706.177
5455.457
5074.136
5748.075
5289.437
5610.0454
5067.5215
4974.857
4768.243
4201.726
4323.753
3646.0234
4238.1387
3692.8994
4398.3765
3947.248
4409.9287
4213.9546
4125.593
4322.7217
3751.1794
4205.151
3443.6975
3942.4507
3454.9084
3703.7712
3609.8184
3128.2825
3514.0166
2842.0378
3445.2715
3186.797
3232.4097
3604.948
3005.6184
3629.9497
3053.2659
3280.7532
3362.0586
2807.7815
3344.9968
2580.7708
2761.3967
2717.9614
2140.2036
2728.1257
2124.2817
2330.2605
2671.8325
2013.1925
2687.2542
2366.6462
2180.058
2729.4734
1932.6099
2257.8374
2305.6016
1550.3524
2234.1929
1923.9713
1439.2996
2143.4973
1526.1847
1465.9987
2103.3823
1222.3877
1604.718
1961.255
912.08545
1717.5181
1654.9845
569.1692
1688.0364
1435.5048
428.74356
1911.3771
1539.2822
681.72437
2610.6914
2038.4257
1609.271
6283.587
9244.051
8814.789
5615.014
1889.3566
1100.9623
1500.8694
716.9241
546.5921
762.912
384.37756
358.36017
448.74393
237.72932
247.22813
284.35513
158.76604
178.35846
179.74892
117.52432
125.921745
119.874146
83.55568
92.73812
67.1109
75.76491
47.042835
54.683872
46.702995
29.679806
35.8392
25.972057
17.619814
18.12119
12.187429
7.1994667
4.9420743
1.24518
1.5642895
5.497065
7.579042
8.040328
14.258829
14.560518
13.660226
22.246
17.982946
20.027382
25.446747
23.571472
24.283201
29.487118
27.414955
25.326958
35.66587
28.580805
29.973627
35.546036
31.838612
31.68024
36.538425
38.092842
28.109043
45.318752
30.38485
37.2143
43.386234
28.43488
41.996445
40.50292
33.112984
39.970806
37.458424
35.862816
39.90383
36.7332
39.38599
35.736546
40.992413
33.290466
42.668606
32.988575
39.326023
35.99373
39.317616
35.42378
37.463696
33.722797
40.295326
30.824871
39.918156
33.423344
37.08787
33.642284
37.13274
32.114918
35.957443
33.243637
32.373158
37.715225
30.680859
32.00713
35.906776
27.81393
37.2094
24.975737
35.248215
26.03175
32.883083
32.07062
25.803654
33.02943
28.315905
25.713743
34.683937
23.103014
26.87532
30.217016
24.89119
24.34051
30.662241
19.642757
27.67609
24.74659
23.832178
23.313324
27.498104
16.595442
28.373993
20.276516
22.115784
20.241632
22.397978
20.384823
18.533672
21.978352
16.670362
21.08667
18.070747
18.9961
17.742403
17.267656
17.010284
15.22493
18.701702
14.182706
14.0072565
18.785257
11.788094
16.033825
13.400679
12.822088
14.578419
11.745106
13.609644
12.314644
10.873617
12.602367
10.2389765
11.621587
10.437871
8.571736
10.673238
10.263742
6.9995995
9.428036
8.426849
6.2806935
9.160374
6.6833596
6.210016
7.7997217
4.7823987
6.839925
5.5521183
4.8318567
4.634719
4.9313917
4.641383
3.6141167
4.048275
3.527168
2.6325648
3.4567792
1.8997374
2.7785835
1.5219634
2.077005
1.1381178
1.3442147
0.7102052
0.5308321
0.37699705
0.058185235
0.17941847
0.5147271
0.6273363
1.0202799
1.2548875
1.1758771
2.0332599
1.6371127
2.218705
2.7817118
2.4231617
2.5890753
3.1408093
3.269026
3.5381863
4.125784
2.510879
5.858391
3.1868262
4.6338134
5.088814
3.524228
6.3476334
4.812958
6.445341
6.0191135
3.9072578
7.563041
4.828057
7.72607
4.5320168
7.772891
6.974656
8.128872
6.452219
7.5329113
6.14783
8.616047
6.832052
10.305399
6.813011
8.3364935
6.6003723
10.999333
6.977387
6.4816823
11.745083
7.696777
10.773923
9.5889435
7.6706853
9.245983
10.362834
9.269075
12.375638
12.076658
6.5288606
12.92104
17.409208
2.3880198
17.04921
16.5002
12.435543
21.87202
4.5127716
20.498722
4.2806535
22.675417
7.822644
20.584652
17.716335
9.413276
25.318882
19.118893
5.695584
4.7229166
15.529885
6.9775763
13.146381
17.606005
26.652782
