0.013287
0.091797
0.263229
-0.022355
-0.099646
-0.001685
-0.100242
-0.050582
-0.003099
-0.031483
-0.049750
-0.023434
-0.011772
-0.016618
-0.023710
-0.040617
-0.035643
-0.004296
0.015353
-0.014745
0.007705
0.016405
-0.023316
-0.008256
-0.019739
-0.009641
0.003873
0.019840
0.045739
0.000939
0.016646
-0.003677
-0.017287
0.016990
-0.014751
0.027951
0.048821
0.013694
0.037058
0.074682
0.053903
0.019233
0.020255
0.049169
0.034671
-0.067071
0.003620
0.041482
-0.035788
-0.040865
-0.078164
-0.054201
-0.032248
-0.025538
-0.040158
-0.060652
-0.018300
-0.007998
-0.006148
-0.014152
-0.016802
-0.006221
-0.008906
-0.012492
-0.026001
-0.010712
0.039084
0.045283
-0.004856
0.047815
0.066326
-0.020873
0.007750
0.029316
0.015437
0.023562
0.012332
0.035935
-0.008089
-0.012765
-0.010251
-0.045819
-0.015395
-0.005060
0.012400
0.034087
0.022163
-0.025765
-0.002074
-0.002512
-0.056810
-0.004879
0.029174
0.029826
0.022073
0.021603
-0.017203
-0.016827
0.000382
-0.037378
