0.057234
-0.076238
0.567598
-0.181860
-0.127048
0.091351
-0.262848
0.068444
-0.058101
-0.024619
-0.021899
-0.049627
0.001759
0.012588
-0.026084
-0.051475
-0.020426
-0.041789
0.004940
0.025492
-0.002431
0.017290
-0.027736
-0.014088
-0.006017
-0.017274
0.017865
0.007673
0.029224
0.018176
0.010561
-0.001869
-0.002176
0.001546
0.014257
0.022558
0.014117
0.030699
0.010751
0.118387
0.068522
-0.027020
0.025948
0.080546
0.041442
-0.076558
0.048257
-0.007159
-0.057719
-0.024997
-0.072038
-0.034693
-0.043482
-0.025763
-0.044368
-0.045442
-0.018148
-0.006283
-0.007722
-0.020752
-0.022552
-0.013071
0.010688
-0.022139
-0.009430
0.008296
-0.008144
0.064199
0.049809
0.003868
0.048833
-0.012636
0.000826
0.038613
0.014326
0.059755
0.005560
0.020745
-0.011554
-0.039803
-0.016557
-0.033923
-0.002177
-0.001849
0.010859
0.046548
0.024950
-0.006966
-0.021691
-0.032938
-0.024987
-0.013213
0.013754
0.036673
0.035211
0.016802
-0.003477
-0.020534
-0.009986
-0.021670
