22081.0
-6050.491
4993.9727
3396.948
1903.3822
4346.9033
1510.6758
-1028.9843
3771.6245
7725.2354
-291.4065
2894.7695
6174.7236
-1153.1803
6979.0435
-589.7068
6247.6846
-505.11908
6860.9297
1060.406
4205.9536
4581.268
-601.27136
5368.251
3240.929
2217.005
3865.156
2830.0396
3402.9268
3372.713
2635.2002
3134.0894
2885.099
2933.7688
3245.9507
3662.4521
3217.4917
2048.3909
3970.1252
2558.9585
3365.6973
2860.1648
2936.5918
3484.1028
3544.1343
2688.1682
3306.234
3409.8696
2218.8574
3703.909
3728.1309
2375.5137
4050.4644
2362.2622
3991.2217
2727.9502
3509.0537
2351.9902
3926.9924
3167.0454
3078.335
3416.8477
3331.873
2530.5566
3655.0981
2934.461
3592.9365
2700.8342
3447.3884
3673.0176
2871.852
3522.8843
2840.1648
3133.2915
3892.1934
2939.769
3111.469
4128.4688
2547.349
3520.8767
3490.0486
3274.4001
2989.6802
3632.043
3376.7034
3488.4526
3394.9019
3248.107
2989.6846
4003.5122
2955.468
3244.3364
3970.4028
3056.7202
3258.2026
3962.8347
2920.937
3553.148
3290.6465
3575.5042
3569.7156
3691.289
2954.2678
3725.0374
3798.6987
3033.3318
3962.2363
3281.5527
3494.1594
3763.0623
3505.9392
3782.8103
3592.3914
3351.2449
3382.785
4454.937
2730.4683
4403.2983
3111.0266
4138.3926
3467.7446
3751.0903
3519.2349
3926.0076
3278.2139
4381.7476
3263.6929
4341.8613
3354.0208
3637.802
4322.896
3495.9932
3777.5383
4058.3062
3780.8643
4237.0557
3477.2417
4482.949
3284.04
4379.4224
3735.346
4092.2195
4117.8813
3945.662
4086.0183
3912.4517
4969.9995
3001.42
4847.4697
4136.178
4001.019
4205.5693
4602.5957
3365.4229
4844.0786
4101.406
3931.4023
4851.0767
4322.174
3618.102
5424.2017
4023.479
4052.2803
5091.434
3950.5474
4794.1177
4962.6143
3900.622
5216.002
3682.2712
5477.582
4084.1516
5256.704
4686.288
4453.596
5481.047
4684.1973
4860.823
5065.4478
4673.8823
5314.678
4958.7886
5141.236
4956.9717
5692.3623
4504.974
5854.302
4984.4595
5389.904
5200.1943
5735.694
5279.9487
6039.939
4940.765
6180.4
5324.359
6063.5317
5683.874
5838.785
6112.2925
6120.0474
5837.9214
6341.4673
6629.2197
5102.0405
7412.58
6431.642
5512.7065
8196.388
5556.5073
6436.22
8703.683
4695.943
8245.051
7198.768
6731.1543
7328.2085
8509.334
6325.3013
8157.3584
8057.226
7579.447
7823.2485
9414.2705
6935.2896
9070.856
9547.532
7731.5674
8825.445
10959.761
7001.3535
10891.579
10503.025
8247.815
11400.733
10896.188
8969.48
12493.191
11410.771
9719.238
13709.241
12202.437
11050.103
14629.892
13137.783
12218.9
16687.418
13340.54
15696.082
16674.002
16035.169
18454.785
16450.785
22279.502
17516.326
20956.756
27172.654
18861.473
26852.959
33537.254
20692.512
36818.598
43097.043
24061.193
55782.387
58315.367
34336.824
95649.98
100199.37
63466.445
278922.38
415190.62
-41298.676
-414709.44
-166795.02
-22791.99
-145346.16
-54291.605
-9115.572
-99938.82
-19074.8
-8526.432
-81017.08
1237.5082
-10968.924
-75636.77
27017.877
-31651.416
-55611.37
38137.062
-53232.35
-26181.605
32545.598
-65349.375
2844.2705
16193.469
-68661.61
32762.236
-15244.4795
-51774.73
49586.21
-55324.652
-4989.247
26874.896
-66718.92
39918.043
-26212.803
-27896.72
37609.324
-58128.33
24753.814
-7985.016
-39548.973
46888.816
-62342.074
30945.213
-13128.989
-31988.422
43531.723
-63940.848
43675.746
-33634.785
-4798.751
20200.832
-48774.44
44152.77
-47217.293
20121.957
-7603.2246
-23538.113
31479.695
-51485.605
46991.543
-53394.688
36548.926
-31513.906
5639.936
5356.1387
-29998.48
34343.703
-48378.344
42509.848
-48042.188
37386.465
-39199.848
24299.854
-19915.729
-570.1455
9086.878
-27895.42
29952.965
-40797.344
36757.434
-43492.62
38611.76
-45647.38
41330.57
-47748.594
43378.543
-49440.11
43587.02
-46962.918
38376.402
-39507.74
32424.645
-37057.176
33032.07
-39242.016
36427.965
-43319.457
41542.785
-49911.055
49597.19
-55991.89
51709.914
-53839.367
45773.51
-45595.34
36721.27
-35171.31
26352.262
-25776.355
17308.77
-14418.24
2626.7966
2950.1746
-16418.604
21863.516
-32267.805
35371.246
-44616.453
45556.918
-49217.11
39954.574
-30606.502
10840.968
3403.6653
-22069.129
30660.225
-37997.918
32132.105
-27148.977
12270.874
-1543.7045
-13529.041
21256.396
-32310.47
35443.977
-38591.766
28366.201
-14192.709
-10443.739
27655.344
-41069.69
39409.04
-30173.148
6599.564
14110.918
-32550.316
33255.656
-22786.3
-3389.4084
25877.627
-39960.516
30954.146
-10677.716
-16943.678
30080.516
-33374.902
22099.613
-6436.4224
-15630.238
27971.854
-31335.137
16916.84
2996.0261
-25312.943
28696.139
-13602.034
-15457.818
31342.982
-23723.492
-8806.944
31733.102
-29343.98
109.20268
26598.184
-34066.582
10483.99
23213.326
-42483.516
23589.754
11724.416
-35983.934
24916.656
4673.8823
-25582.818
16755.172
2493.2832
-17275.133
14844.5625
-2801.6125
-15073.145
17025.59
795.2923
-19867.137
9810.651
14355.933
-21776.2
-6613.6504
31550.973
-13740.833
-30648.572
34602.367
9669.818
-40943.285
11637.687
28914.918
-24813.42
-15573.882
30950.979
-1549.0062
-29087.65
11422.938
20958.916
-18081.797
-11869.992
16518.61
2021.7374
-8975.225
-235.1546
2282.0857
1322.9154
-5974.3403
-649.0703
10443.888
-1690.4995
-15940.216
1994.7405
21824.928
-3209.5664
-28632.016
1843.8783
28671.004
5421.459
-29054.418
-11970.081
23872.666
19516.285
-21215.77
-25438.475
15566.43
26439.473
-8016.938
-22013.588
-1420.635
16122.92
4195.388
-9527.784
-6781.7905
3551.012
8031.4507
729.5842
-3358.541
-4293.8784
-5720.023
3413.756
10208.402
-25.71067
-8414.729
-1795.0251
5934.1577
4683.1875
-5400.019
-12816.372
439.49088
12139.835
15095.271
831.7294
-16835.86
-22186.715
-2453.61
21146.49
24937.053
2739.3625
-20394.691
-23403.35
-3258.3044
13633.598
17903.367
7450.0356
-9087.296
-11747.507
-3478.926
2094.8557
4628.4375
1447.1394
464.65543
3265.0874
4267.679
-3987.648
-4406.258
-3321.1929
-1425.4412
5390.7637
6235.2007
502.09644
-730.1791
-2610.343
-4427.2725
-833.13635
-2265.2805
-585.5523
5261.2847
4649.913
889.9842
-3560.5015
-6765.033
-8442.158
-2873.8264
2307.9258
6868.601
12754.217
13356.4795
9774.373
6237.9727
-5026.6504
-11727.06
-10663.637
-12644.02
-4958.62
-1647.0653
1602.2728
6227.416
4695.494
2439.7322
1679.9321
-2799.798
-660.60187
46.495747
2253.1416
3335.5332
1637.4642
2839.3513
1201.0801
-646.4138
1650.8181
-3462.0864
2427.4065
889.79614
202.14566
2752.5457
-1136.9833
-1665.4044
677.1785
-2596.708
391.89334
-398.3279
-1351.6543
1484.1265
-1083.8575
-721.37646
-899.3471
-2440.1736
971.9317
-777.27814
-61.413944
1719.75
-1503.1556
943.52673
712.20123
-1148.5027
1838.5205
-310.74948
1304.5792
2708.2007
-1.8722577
2506.166
-534.0682
2094.5493
1108.3262
724.91064
2700.9426
301.79572
2401.2634
708.4562
1910.2859
-199.1285
1468.8285
554.85474
560.9357
3029.4885
-1806.172
2905.8066
-1035.6176
1088.7026
506.10696
-514.22546
1607.6277
-886.00964
2377.7427
-1299.882
2006.9414
-857.8872
-215.82664
2335.8394
-2000.0647
3539.266
-2119.9026
2744.0347
-493.73508
1192.4663
356.03412
156.41008
1614.7483
-26.628632
1772.6565
527.5662
910.0058
439.29456
798.6071
1421.2615
-488.6431
2544.7559
-953.1214
2489.007
356.5731
414.72076
1172.9199
187.24493
1271.1202
441.43063
1451.3081
496.99557
914.1815
717.6055
1173.3518
394.44635
957.28876
803.56946
1025.2383
1185.2296
1179.8645
178.49635
1563.747
828.21643
350.17822
2025.1085
388.6766
1213.7681
1104.2897
1526.0591
585.47437
2095.6135
-274.57846
2083.1055
866.8656
1627.2216
151.63521
2738.7195
-776.1167
3169.553
-972.89655
3430.629
-1136.8597
3485.4727
-492.0725
2821.7131
-29.49787
2222.11
-335.21964
3844.6982
-1511.8921
4134.402
-945.1369
3500.193
-524.8667
3458.108
-947.332
3650.2993
-398.24966
2833.6575
933.0831
2411.2593
160.73814
3067.7188
406.10175
2625.2317
835.7753
2339.0015
1377.9598
2135.6313
1726.3846
1715.2919
1780.627
2125.913
1309.4706
2646.0464
1784.0902
2064.6646
1481.036
3342.5305
967.38605
2256.8074
3124.327
471.65448
4139.623
1427.8927
2394.285
2630.3286
2556.8347
1957.7012
2780.499
3446.6494
1422.5171
3423.4731
3574.2952
1867.0833
3257.3145
4152.3643
801.1939
5689.59
2523.3196
2914.8801
4427.4634
4077.1055
2188.2769
5146.5117
5291.1724
506.71237
8684.578
2131.3564
4693.92
7047.2393
3081.5115
6092.501
5675.8975
7731.386
2086.355
12003.108
4500.365
5868.788
13323.723
4547.289
10734.184
11658.64
12675.618
7655.4375
23485.988
13431.157
13259.19
41940.285
21144.807
35272.31
136046.66
127447.375
-52199.977
-114253.336
-25010.953
-16935.584
-42942.562
-10171.32
-8135.9683
-29260.793
-3332.5679
-7125.9907
-22014.924
-66.553505
-6906.063
-18172.068
2603.6345
-7958.347
-14108.708
3482.0935
-8592.959
-10749.27
2500.5715
-7201.1694
-9989.732
4174.356
-8700.902
-7779.2104
5155.9424
-10470.5205
-4536.488
3289.5403
-9073.472
-4367.9927
4301.101
-9923.079
-2900.9966
4279.9893
-10955.921
-900.54944
4389.816
-13178.436
2540.7693
3162.672
-14310.875
6312.778
-389.72424
-13479.923
9526.483
-4961.151
-10335.631
11055.712
-9682.66
-5670.5327
10823.208
-13982.524
912.28
6149.5435
-14061.513
6610.612
-626.8122
-10277.03
7762.6743
-4260.8936
-7851.9272
9889.428
-9949.59
-1881.1256
7864.676
-13021.446
4714.6157
2764.5776
-13876.118
11424.372
-5255.1724
-8930.011
12856.639
-12139.763
-772.3129
8958.329
-15170.09
7730.3154
18.220808
-11041.399
10998.596
-7785.785
-2986.3665
7312.241
-11114.665
6125.7725
-2171.2563
-6104.915
8066.878
-9672.981
3808.519
491.97073
-7644.0127
7971.985
-8078.9487
1493.0798
2934.221
-8468.759
6431.4746
-4172.692
-2868.2654
5820.3726
-9269.736
4772.2017
-162.72894
-7709.8555
9223.809
-8392.063
14.116494
5940.354
-12007.28
9906.911
-5312.03
-4535.9507
9555.128
-12457.961
8197.914
-3463.0344
-5133.5815
9415.808
-12183.619
8133.9707
-2896.1897
-5605.5293
9864.946
-13068.528
10294.094
-6563.0063
-1192.7593
5807.9355
-10205.645
10043.498
-9044.1
2732.9478
2629.4387
-9184.442
10657.426
-10624.984
5828.463
-1649.8137
-4958.0713
8319.889
-10509.318
7145.863
-3648.911
-3059.8606
8105.5757
-11933.382
9431.721
-5235.14
-1980.8826
6638.7124
-10600.699
10382.645
-9536.306
5207.5566
-1404.942
-3004.9111
5151.2773
-8873.199
9390.317
-8800.203
5555.1143
-3324.9097
-942.7935
4034.3945
-7853.3374
8693.516
-9553.078
7495.898
-6109.7954
2599.9124
1574.975
-7070.3477
8670.838
-10706.724
11254.118
-10286.203
5443.506
-1480.5372
-3164.4434
6766.9385
-10210.503
10839.342
-10680.456
6307.3833
-2193.1958
249.11389
1187.6074
-6684.636
7803.3154
-4613.2935
3694.8076
-7171.5527
3170.3953
3677.679
-4451.094
2728.6494
-8983.986
12721.631
-8850.154
4877.184
-7047.341
5389.371
-371.26947
-1773.1501
561.778
-3860.0637
7005.5796
-8447.713
8285.075
-9329.811
9640.039
-10287.496
10184.043
-8878.34
6346.0947
-4694.518
1199.9447
2726.2231
-5484.0166
7011.583
-9877.876
11710.587
-12341.192
11481.474
-11051.468
9533.556
-8424.181
6788.2095
-5020.63
2361.893
-878.97473
-1767.7931
3756.4705
-4738.2603
4710.303
-5415.766
5821.6
-6024.9346
6054.2144
-6484.8823
5962.578
-5226.7236
4194.577
-2862.4407
2045.9957
-1878.0442
1325.7345
-953.176
955.99445
-1036.6616
498.59418
-4.80689
-47.738213
336.25528
-1063.4791
1569.5922
-2769.0823
3918.7136
-4819.8286
5589.891
-6172.8247
6301.0654
-6795.2236
7846.006
-9079.973
9231.813
-8997.53
8986.509
-8774.288
9055.545
-9600.887
9686.873
-9419.016
9157.966
-9131.725
9953.786
-10875.199
11411.116
-10448.25
9123.475
-8712.82
8968.418
-9611.687
10270.274
-9448.727
7754.808
-5894.298
4897.443
-4996.095
5395.9297
-5130.679
3886.2043
-1970.6201
1514.1573
-1650.3506
2443.3618
-3222.9595
3254.3726
-2230.552
1852.1667
-1747.9647
3031.6768
-3491.3342
3321.0696
-1564.889
-581.8549
2260.8577
-2715.943
3749.7656
-4308.705
6368.7646
-8706.671
10554.214
-11027.677
10624.722
-10218.252
11377.689
-12436.191
13808.443
-12888.515
10339.562
-7383.89
4873.838
-2968.6948
2642.37
-614.056
-1370.3389
4748.642
-6745.3613
7597.8774
-7461.249
7726.9854
-7187.3745
9187.305
-8537.02
8492.769
-7030.095
5229.7783
-4120.6074
3583.5
-2014.3612
1476.1774
1910.1956
-3171.8206
3946.624
-5443.397
2609.2385
-3539.227
1875.1338
-410.85474
2156.0552
2317.5369
497.431
3294.9238
-1694.0067
942.4548
-1809.9658
-96.69878
-1705.9194
2149.873
-2505.571
3619.6423
-1444.6096
518.0163
2144.3005
-4548.7163
6430.967
-7710.4634
8853.93
-6793.212
5703.568
-1726.9215
-970.54565
4829.8755
-7387.614
9971.551
-10611.913
11119.236
-7797.2275
4769.0557
1090.1614
-5742.623
10029.125
-12002.507
12893.589
-10196.25
6814.9424
-540.48724
-4101.659
8608.875
-9769.69
9325.291
-6657.4536
4883.971
-1670.7218
664.2199
2034.0275
-3063.4111
4705.462
-4110.009
3965.8965
-1769.406
1074.5624
1636.4719
-1943.4464
3564.5757
-2663.7043
1846.177
1297.9319
-2626.6707
4500.9985
-2410.2522
540.05615
3626.3845
-5110.984
6357.4185
-4233.2134
2253.4565
1682.7847
-2563.5762
4114.6553
-2413.8093
1911.0668
13.109343
510.6604
347.47195
631.218
1120.8438
-1132.9065
3423.9985
-2432.3381
1960.8528
1670.9519
-3681.6086
6917.411
-5170.598
3208.9487
3408.8066
-7348.1763
10775.337
-7421.4434
2267.2222
6559.063
-11045.897
13797.076
-8707.934
2761.6274
6007.9565
-9914.624
11591.667
-5724.405
-509.1186
9148.562
-11162.63
10642.428
-2787.8506
-3359.4895
9411.9795
-8124.1514
6065.0566
703.07477
-3064.3982
6198.3027
-4055.064
3761.7163
173.80188
-477.92838
3006.3552
-740.4493
1147.8628
2208.5698
-684.52844
1043.0851
2393.8428
-1103.8928
1897.086
2034.8186
-1140.5883
2339.8132
1956.8724
-1991.0615
4580.7886
-1393.9376
1190.1715
3422.1528
-2371.8494
4979.2085
-1641.7194
1878.8901
3003.4165
-2026.5801
4309.3047
-204.31256
1495.9587
1377.5751
2737.6997
-1007.2452
3564.6292
1168.1107
-477.9773
5370.954
-2077.0957
4007.7751
1307.5039
-30.46202
5770.1245
-3372.7083
5918.0923
1397.9093
-646.16797
5265.376
2858.9763
-3108.797
8589.146
1066.365
-3614.7888
13123.713
-4023.27
319.16446
13629.816
-6517.058
4701.6577
11003.969
-4922.694
6043.1226
11312.782
-4877.852
10077.479
8294.628
-541.1753
11896.686
6924.383
7936.4766
10035.229
13013.322
20213.787
12078.498
36520.45
103335.06
62350.023
-47744.152
-48908.277
-3574.4304
-15276.787
-20543.32
-2326.0754
-7064.566
-14786.1455
-1569.7701
-3631.9019
-11622.894
-1039.6719
-2125.107
-10710.884
1136.0045
-3508.387
-8034.1113
1258.0159
-3347.1575
-7146.914
2077.9504
-3735.498
-5592.9546
1437.8746
-4538.366
-2553.567
124.29887
-4808.4863
-714.40314
-824.29596
-3991.4885
-1541.3042
969.8919
-5420.5386
-372.32965
460.7791
-4462.291
1.9443063
-86.15587
-5927.062
3252.0793
-1490.6741
-6458.023
3626.0034
438.55127
-8638.069
4706.4966
212.30913
-8112.9897
4582.123
-1181.8185
-6461.7847
6628.12
-4847.453
-5996.2183
8791.729
-4254.9795
-9048.715
8200.039
1344.333
-11698.101
3923.075
5882.483
-6907.276
-6573.4067
8136.183
1331.1279
-10365.06
-35.60197
10544.545
-7948.5933
-8429.605
10490.847
1858.3285
-15605.452
8504.211
5333.4375
-11632.543
2821.9124
3407.014
-5972.7603
3064.895
-2372.0862
-2772.8606
5478.1206
-5609.526
-1570.3154
5007.487
-4487.414
-1816.1619
3070.8635
-4508.781
4673.8223
-4902.1685
-1680.5039
5822.9336
-5014.3877
-3047.2139
7114.9795
-8027.024
3435.961
231.40184
-4364.9614
3999.4626
-1086.9591
-7345.0127
10071.427
-6645.764
-1348.7113
3622.8032
-3798.0254
1480.6135
1064.0017
-6312.7075
6395.36
-3295.746
-3319.4412
5345.896
-3277.1294
-2215.867
3468.8315
-4191.535
2624.138
227.68907
-6243.4893
5445.6104
283.0415
-5540.4697
4297.3975
-2362.5583
-1343.7117
2831.688
-4305.153
3470.6475
-1277.217
-3918.8518
4479.701
-819.4941
-2441.9937
733.77435
-3254.8982
5825.7344
-2787.5547
-4197.293
5507.108
-4257.8833
1004.5502
1080.65
-2745.668
3260.9583
-6093.722
1858.8496
7604.1836
-7662.2236
-2291.6736
-356.07275
5517.405
5579.3384
-15552.053
489.2121
11374.444
-1238.7526
-2931.8484
-10192.986
5343.2944
12961.099
-10897.1045
-4236.2773
2081.8728
3066.4312
5311.522
-10607.797
227.02275
5589.1055
-3760.8694
3962.0288
-5042.6694
890.3303
1824.8969
-3702.3772
4268.0986
-1844.2115
-3373.1003
3138.3828
-1748.3771
3157.6296
-2101.2056
-3932.7598
4373.3833
-1340.7909
-342.94962
1334.8292
-3514.9277
2775.3281
-453.0893
-1408.6599
2680.049
-4423.868
1962.0319
422.12225
-289.18365
1908.8966
-5270.702
3750.324
-1011.495
-736.6225
2264.9768
-5229.056
5210.81
-3069.0945
1004.19385
1894.7653
-6066.919
5732.6123
-4689.9087
3214.6125
1532.9745
-6682.2266
7272.911
-5755.4316
3878.9622
-670.7878
-4898.1284
7116.9087
-6932.3706
6906.8467
-3292.2512
-2139.8394
4274.1562
-6419.299
6718.3965
-3333.1213
-938.1756
2635.4734
-2818.6
3984.7385
-2791.2898
-1605.6515
1801.7975
-2554.0771
4681.747
-2671.2224
-58.139286
1080.2281
-3595.039
5181.634
-4168.162
368.81824
868.73004
-2031.6074
6867.4004
-5459.1025
1697.1578
-3391.6602
705.80334
2911.1135
-1996.9318
2152.5688
-3073.8433
3175.9988
787.5173
-1570.0154
-2810.7288
-4528.65
4671.234
5184.1313
5514.5723
-5162.434
-8361.513
-3974.9575
1250.4348
12476.567
2116.9954
231.57985
-10165.905
-5294.672
4059.7244
2109.62
8670.729
-5833.363
587.98676
-3362.4675
1.6720827
2992.0432
-3853.066
4715.9346
-5316.7915
7216.1685
-2864.8127
-264.38196
-152.57925
-4591.821
5957.5996
-3872.4382
5795.3945
-5573.1104
4321.6543
-2476.4263
-833.47046
3548.7424
-6777.5317
6821.8994
-4972.6235
5877.5874
-3260.7556
748.7824
-496.96198
-2578.014
5344.7593
-5781.879
5334.7446
-2545.1665
774.0746
1709.2048
-2660.9966
1821.4111
-3138.5808
3896.494
-3366.1558
5060.9946
-3381.8037
667.0389
957.77625
-1776.5874
1081.2998
-738.2349
861.9964
-637.4104
2757.8296
-2250.7683
825.9283
-315.26874
-1174.0288
719.9389
1664.5496
-1401.6808
1047.251
1097.033
-1753.2828
1323.3866
-742.44836
-1117.1389
2063.6072
-402.81027
1424.8171
-1503.6605
3062.0918
-5035.5806
4327.974
-2417.7202
394.95935
1724.2109
-1516.0369
2804.9922
-2678.2593
3162.2437
-5804.397
6402.7065
-6120.6978
6099.023
-3504.9773
3185.8928
-1935.9672
626.98627
415.35812
-2580.7395
4247.727
-5056.7603
7731.998
-6031.2705
6961.7896
-7569.0967
7147.146
-7397.4995
6139.013
-3181.372
2588.727
989.6841
-1056.5386
1948.7283
-3984.9019
3302.9282
-6005.247
6789.6987
-4193.2065
5368.6313
-3290.1824
2537.2253
-4799.34
284.19952
-3281.7524
637.81616
2544.0022
3204.3862
6250.995
2608.3733
3953.488
-2352.7957
-1400.126
-4082.1538
-3629.8162
-3828.1477
1533.6661
-1304.676
3519.2444
1318.3053
1064.1959
-58.60375
896.1167
-2344.8164
2214.0667
-1247.5404
2640.9895
-434.0971
2855.1926
-259.01913
-723.52216
856.46014
-194.95288
-460.6024
1200.9904
1823.7598
-2881.3955
4683.7466
-3079.0735
250.84084
885.77655
66.877945
-3287.0825
6828.937
-5044.6636
2228.3433
1127.2354
-1280.9579
-1359.2714
5082.9634
-6124.8374
5585.1914
-1159.3916
31.17974
1195.7396
1228.5365
-2279.189
2901.7751
-923.2675
1508.6792
246.30243
490.25076
1396.8641
-1495.0935
3071.1167
-2833.2559
2812.7234
-925.171
1483.5702
-864.23236
2786.9333
-3150.4724
3727.418
-3359.2485
3965.9285
-2898.538
3023.5298
-1723.4373
3110.697
-3152.4844
4888.801
-5120.24
6131.737
-4234.075
4064.6997
-1009.8584
1714.4171
-928.02716
3098.442
-2655.0017
4411.837
-2671.9868
2344.6108
1503.7839
-1077.8495
2272.972
-72.835686
144.3786
1458.6715
-58.634804
811.8055
1176.7124
-387.66022
1738.1228
-529.7021
1784.0714
-690.5457
1102.4187
670.22845
1850.5059
-2032.5939
5061.7817
-3797.343
4489.038
-1365.4349
2449.4858
-672.11115
3850.0686
-2492.1792
4894.4033
-1217.2328
2502.6626
-192.86105
3167.092
-390.24057
2481.302
994.5318
1603.552
783.88513
2767.0325
-536.6346
3181.5042
-13.806043
3008.2068
-910.47
5692.1016
-2819.7122
4529.701
770.3703
2257.4934
845.27167
4798.4526
-627.24945
4122.477
4754.356
-1461.4893
8367.061
1147.2806
5386.5166
2780.801
13763.128
-5111.3833
20681.299
6838.5645
10896.626
39581.027
92909.83
21578.562
-33194.152
-21062.533
1813.1854
-14431.672
-7960.4985
967.5607
-10625.955
-1083.7523
-4590.5854
-1064.3256
-8903.49
5560.683
-9800.216
1178.5819
-3797.1226
-617.3792
-5252.6997
1870.9366
-4191.8457
-2683.7566
1188.5502
-4963.3394
-209.68214
-1215.3663
-2062.785
-3343.2358
2483.6174
-4631.5117
-731.0126
394.31192
-3715.569
288.32913
-1049.2155
-1453.7465
-1852.1183
1435.8221
-3704.8425
79.03398
863.7722
-3906.004
558.9132
245.92844
-2080.1755
-1241.9878
2306.049
-5335.633
2853.8403
-1203.9589
-2750.155
1232.1111
101.23837
-4044.1655
2581.7688
-379.62238
-4749.3716
4074.2302
-3206.9546
-881.5277
1458.0764
-2087.539
-1465.4802
1561.7761
-997.7156
-3707.8364
4635.0215
-4508.9307
-364.78085
2560.433
-3524.6152
416.1845
301.86658
-1723.2793
-403.99548
1552.374
-2577.6995
-1186.7305
3808.52
-4914.531
820.7166
3105.103
-7161.2188
6126.2817
-4217.7544
1228.701
-871.6951
439.28818
-2265.1482
582.2615
3129.85
-8701.277
9026.829
-6923.819
1652.2024
2318.405
-6010.4214
6031.544
-6911.4644
6383.7793
-7214.058
6672.0156
-5350.64
-719.2405
5771.9272
-8168.406
6616.5117
-6270.1265
3994.7554
-2322.8064
942.0578
-499.71027
-2371.5225
4602.7935
-7191.6206
6567.944
-2598.927
-2864.765
2482.7861
-1335.261
2388.8774
-2071.386
-3095.2012
1354.0187
4902.9604
-5055.233
-1500.1837
1140.0706
712.17316
2371.0525
-4051.8667
-3972.6482
8328.335
-4320.763
-718.8307
1526.7612
-4789.826
6330.4365
-2543.423
-3662.0574
4417.6836
-2424.8662
-1022.4746
3137.9055
-2565.1787
-1508.6111
4454.6074
-5880.024
4113.0493
312.43167
-5361.943
5212.7197
-1335.4015
-3224.4082
5193.548
-5247.4326
1273.3821
2865.778
-5020.0356
3223.1863
-107.67437
-3415.2422
3489.2778
-1257.6152
-2008.6667
2776.6978
-2509.6177
-57.37933
3101.7808
-4778.058
3030.3665
-590.4761
-2274.7825
3589.7415
-3322.0308
1274.7576
484.936
-1738.7197
1513.3047
-321.84012
-1445.4746
1553.5289
-1285.7887
870.703
-752.27716
452.56708
-1114.3453
1171.2238
-1077.2528
190.37021
177.8783
-1178.638
1550.4993
-1729.2505
931.6432
400.9777
-3384.157
5185.2583
-5194.345
2625.974
1202.2157
-5310.8364
6812.6807
-5019.708
433.389
4251.279
-7491.221
7266.633
-3965.5696
-769.82947
4801.4487
-6963.0234
5809.9106
-2511.5562
-1436.3512
4103.2217
-5214.861
4106.227
-1838.8649
-591.49536
1794.8721
-2411.5322
1589.9147
-639.0455
-240.01978
403.04803
-548.42346
301.96442
-759.7355
1598.564
-2708.929
2482.4883
-1192.1555
-1007.77234
3332.9553
-4357.7837
3173.4607
-640.6274
-2315.866
4272.811
-4197.066
1977.3198
1351.3025
-4218.729
5402.9536
-4284.6963
1129.1837
1728.5818
-2974.6619
2033.9417
482.4096
-3248.6953
4319.1226
-3776.46
1955.5901
-368.56363
-753.59503
622.2368
356.43362
-1817.662
3249.533
-4387.731
3980.6658
-2422.3572
444.55484
1091.3333
-1213.8422
34.92911
1717.033
-2541.7476
2188.7043
-1148.829
135.0615
395.26337
-60.117783
-135.97252
214.75516
-187.01315
-66.16936
363.78418
-523.1623
354.51517
-81.82203
-12.473146
-81.42701
769.6161
-1934.6863
2423.1409
-1957.6716
541.61804
1122.3547
-1572.7235
368.98288
1865.9553
-3898.1404
4804.1494
-4266.1875
2309.5112
565.2179
-2789.1738
4395.325
-3967.518
1792.8815
1574.6263
-4294.426
5417.579
-4077.6465
1672.7323
978.83923
-2525.0234
3599.2131
-4062.2976
3403.2825
-1610.2029
-841.8585
3216.5664
-3988.225
3083.8176
-1329.0343
-82.57659
1107.7247
-2720.0144
5478.4004
-7760.7563
7268.377
-1614.1377
-6102.4893
10968.8545
-8874.353
1103.7837
7304.964
-9446.979
4859.313
2680.0203
-5681.7104
2384.213
3929.3826
-6429.558
2307.0315
5525.5327
-9261.696
6090.7324
2112.094
-8527.996
8445.935
-2422.7522
-3964.2278
5871.8857
-2454.72
-1632.9957
3099.3828
-746.2712
-2252.9395
2920.649
-850.18823
-1154.2847
2164.3623
-984.9718
116.86583
19.70607
1473.3062
-2326.9949
1781.0116
397.99057
-1630.4559
2177.541
-790.94324
-177.53584
667.9157
-487.2443
634.3495
-600.30865
937.4762
-690.79846
909.6792
-258.8426
-505.8367
1180.1248
-1570.8815
1486.0563
-76.517265
-1100.5294
2467.8025
-1966.7068
368.22095
1564.0525
-1856.5388
1198.0663
-165.72968
1189.4279
-1859.8647
2990.3054
-2212.567
545.0954
1637.4563
-2464.6543
2818.5288
-1830.907
2371.8833
-2397.0425
2182.667
85.21963
-3114.3572
4960.383
-4653.8994
4173.1504
-2499.3406
1679.2465
-204.4415
-1619.2893
3696.4595
-5415.031
6142.9614
-4267.115
2607.3406
43.88636
-565.9272
1640.3749
-3432.3281
5076.4805
-4578.341
4022.195
-1255.4425
962.31665
784.06055
-1466.3739
2263.6052
-3360.2356
4134.424
-2919.6125
2328.1406
1790.1602
-2406.0056
1848.2599
-2946.3462
1184.4874
-3905.0986
1776.4537
-136.2992
1674.0155
2167.0642
1802.8925
2178.9966
-453.6351
562.7121
-1991.9042
327.41104
-934.73193
-802.6606
622.9944
2044.605
-599.41174
-777.41187
2446.7385
-1191.7112
-1228.9567
1718.3362
65.004585
293.39352
527.1535
865.94446
-487.068
2156.188
-2162.3997
-299.8628
3439.8757
349.03253
-5108.327
5976.207
2553.4668
-7488.577
2936.4512
5757.8394
-4067.1655
-5105.019
9980.352
-584.06384
-7264.961
4324.6196
5584.391
-6007.2075
-2369.4385
8961.258
-3350.6704
-2737.024
3489.4019
2175.661
-1961.4218
-2007.0919
5578.596
-2967.6072
1916.9447
-464.22256
1427.4559
1141.7594
-1781.5654
3222.598
-3246.1655
5981.3247
-4850.557
3113.6362
1119.318
780.7427
-2323.9153
3539.7424
-428.7813
426.42032
275.85098
1765.7458
208.76482
279.87744
1932.6642
-1576.75
3847.577
-2230.7144
3056.2375
-2063.5515
7626.308
-8615.392
9268.592
-3233.3516
1592.8136
2437.5103
-968.10864
3654.2468
-716.33826
3714.4565
-2110.212
6388.741
-3443.0066
5507.8413
-1702.8058
7478.498
-3989.5908
6251.13
3326.4138
-1112.5234
8575.109
1141.8213
2978.4211
11945.871
5893.061
3213.484
59489.027
65146.29
10357.587
-28580.207
-2226.3892
-751.4325
-12588.303
-81.56774
127.41212
-9303.798
1174.8905
-1947.6708
-4492.527
-428.31207
-1148.821
-3155.5286
-348.2694
-1778.8839
-1962.3074
-775.88464
-343.89755
-3223.5244
-553.50525
1304.664
-3954.7715
516.19946
-1250.3306
-732.66077
-1710.364
892.8847
-2793.6836
1023.5185
-1671.3578
-985.61646
193.00934
-428.4074
-2348.817
81.19218
452.52728
-1417.1665
-654.5626
-159.2323
-922.25574
-267.06805
-272.73187
-1476.3048
896.22174
-1431.1223
-559.42896
56.386204
785.73346
-3324.8472
821.4665
384.19553
-1265.6208
-97.86981
-188.84477
-1910.368
2208.2795
-1717.0492
-1788.9668
2654.827
-2886.2883
-320.71445
1304.7771
382.314
-3696.999
2506.3643
-2275.9644
1719.1062
-867.8297
-1103.1543
-1932.7339
4980.952
-5138.6245
1818.0402
-503.41644
149.17574
-4219.961
6459.9536
-4621.328
2219.8562
-4437.3877
1839.4187
1952.2062
2548.8325
-10709.998
4172.06
4305.244
430.75317
-6065.9624
-983.4012
1579.6134
7030.1274
-5806.925
-6139.289
4928.3
4015.4055
-3340.8635
-1606.4713
-2020.619
3019.5308
1899.0487
-3653.2993
-1071.3182
2489.8726
-902.48065
-1432.1643
2964.2969
-3627.7358
603.69934
338.82242
182.93423
-475.48166
1146.7527
-4116.3604
3059.2517
979.4629
-3231.7378
936.04785
438.19116
-1367.6401
1377.8396
93.900696
-2491.5347
2328.8318
-1957.8676
462.781
946.10187
-761.80225
-1952.6392
2616.216
-1259.5044
233.05557
-818.25073
-41.14894
-492.07584
1882.7686
-2704.855
2302.4502
-2373.566
1574.0669
-1806.7249
2371.1304
-2891.1309
1735.202
-1606.2123
1704.5254
-863.89886
-5.406761
-1505.5134
1767.2557
-1031.1282
-13.162285
521.76263
-796.9365
-347.79282
1512.5608
-2087.3877
1327.44
-613.2326
-1445.3221
2323.6436
-489.31015
-1802.4651
2088.4597
-2090.965
687.6261
1357.8591
-3007.7134
2049.836
-117.08565
-1553.9569
1659.8599
313.67358
-3929.1357
4567.7295
-3108.9285
470.78128
2632.5725
-4045.3835
1379.993
2766.1948
-5030.5386
3816.667
-1518.9392
-1157.827
1699.3196
932.11127
-4011.762
5195.114
-4945.113
1510.992
2585.2524
-4313.4033
2811.5254
-208.81703
-2504.0002
4851.9766
-5267.474
2876.2441
-1871.8091
2367.8098
-4108.4297
6761.804
-7395.222
4153.1587
264.29318
-4230.3823
6088.958
-5960.715
3448.089
-1880.2396
3779.9731
-6033.491
6727.297
-7128.23
5340.292
-2889.6177
1725.9326
-1449.1223
1867.1754
-3082.5413
4460.955
-4188.56
1521.865
207.47667
-2396.9846
4619.1343
-3311.9058
1159.7225
-1560.1478
3023.4512
-5426.8906
6445.386
-5066.7983
1373.0131
1326.4677
-7.547317
-1776.0059
2554.4082
-3355.77
-269.9882
4518.305
-3804.0884
1006.2177
1566.0137
-2347.928
974.9745
1664.8998
-3901.5889
1250.7208
1690.252
-1409.5923
2985.2957
-1655.4954
-2144.8142
505.6563
1561.6694
-1578.3792
1009.7228
-658.0559
-26.649256
4271.0547
-3392.8796
18.465637
-5135.644
607.73254
4869.9795
4469.916
-466.83978
-3637.571
-8362.597
1978.7146
4564.7285
4204.418
3211.5457
-6135.2734
-3949.6682
-33.05738
590.5871
5907.899
-1763.8223
-1052.42
736.65234
-2781.8872
2687.5938
-477.2924
-3778.1887
5442.606
-3808.9636
3092.7083
1418.6672
-5158.4814
2982.265
-2033.1511
833.63043
1996.9515
-2156.995
686.4021
1518.2761
-2570.5825
2955.6414
-3295.6038
756.75867
1541.4908
-1703.5159
2781.468
-970.0472
-2028.9408
2692.9111
-2423.8374
1613.0552
-26.110802
-1712.3663
2941.2056
-1528.0176
345.9902
888.6794
-3322.2751
3751.288
-3051.407
2394.0771
-116.10913
-1172.0905
919.83685
-48.89312
-522.4043
316.20822
-554.2266
169.96072
1143.3998
-330.74277
-208.45638
143.55775
-194.5671
-643.8282
1447.8362
-857.75287
232.11134
820.5353
-1006.83484
1502.2555
-1465.217
917.59216
-2048.5852
3852.758
-3488.3
2362.6892
398.8048
-3372.4888
5083.8403
-5648.5674
5159.402
-4372.3936
3396.3472
-1439.8276
-433.38345
3897.3179
-7121.5254
7021.1216
-4679.465
1636.5137
1430.2372
-2586.2778
2973.9036
-2719.0088
3500.9275
-4738.596
5190.875
-4289.471
2008.0627
1501.52
-2219.219
1904.3419
-1336.1764
923.9999
-900.52466
1004.9095
-275.02042
-1086.2635
3444.4902
-3808.2559
2501.8137
166.85614
-3164.6152
3799.0566
-2173.1724
623.37714
1587.3716
-2784.573
3284.1702
-2940.9478
2449.9448
-1822.5438
-20.08572
3415.4648
-5332.829
6279.2925
-3888.8071
-64.44562
3299.9368
-4896.783
4869.402
-2514.222
228.1993
2152.4805
-2833.142
3692.405
-4334.108
3095.2576
-438.19443
-2404.9507
5376.8105
-5364.972
3809.3696
-942.57245
-2217.2559
4213.796
-4461.8994
3501.152
-1621.1757
987.8418
1074.8842
-2329.0503
2370.9377
-1520.0388
36.71738
2072.5977
-2663.6528
3721.1978
-2991.5793
2380.6958
-1275.6619
601.1599
-623.93964
521.00433
144.54333
1353.1818
-1860.0806
2543.81
-2897.1006
2805.4983
-2973.64
3127.4248
-2793.5706
3619.779
-3083.6362
3332.5474
-2396.3818
1094.6134
-1140.1309
1415.7589
-530.3289
1619.906
-1340.343
2814.7158
-3051.3647
3095.6055
-2932.5544
1834.5626
307.41547
-451.10617
2027.3329
98.692635
-1333.8807
1177.813
-1915.4269
1455.9324
-1063.1151
1704.559
-101.095856
864.3098
337.82144
-3250.1152
1492.2346
-3892.8809
1508.5212
683.5183
2641.3538
3333.6318
1884.8733
3133.899
-667.6315
-857.7621
-1998.0092
-3391.0977
38.857685
-1582.8765
792.13043
1243.2996
1371.8165
393.57153
315.29892
1394.3668
-2798.4065
2512.5376
-884.7395
507.7053
3613.8362
-3255.0398
3642.693
-524.326
-1993.6301
4837.402
-6214.4263
7104.4126
-3757.2815
1008.6439
4365.214
-5924.2324
5120.207
-1802.5446
-1781.8915
5684.434
-4836.424
2718.3384
2470.7478
-3790.8984
4390.6753
-1723.4181
-501.50967
4397.859
-4787.767
7012.6514
-3632.7012
1840.334
3638.6418
-5887.423
9844.617
-6476.312
3772.6726
3498.9465
-2537.9392
4347.7383
206.63628
2461.8022
-1491.4843
8199.014
-3262.279
4317.9316
10929.881
-6245.929
17077.27
58841.312
55770.83
-5955.8125
-14458.189
5067.5723
-4713.6396
-4931.5996
352.33887
-492.81558
-6057.216
3261.1406
-2829.3687
-2208.7703
848.9257
-1875.5514
-82.87947
-1217.3759
-309.76553
-2464.564
1585.8445
-891.43365
-1951.1284
639.69214
-24.064905
-2759.7756
1736.3677
-946.07654
-2268.8103
1779.2076
-2443.674
689.3229
1068.3843
-3883.4072
1254.4089
-290.2045
-162.39864
-1190.57
-172.07915
-70.16772
-417.44852
-703.4066
1394.3829
-2393.9404
415.8317
-756.6584
162.56339
3394.3792
-5526.4316
-33.842922
2741.5725
857.1414
-2020.9388
-3361.8967
1676.704
3833.4329
-1921.1454
-3529.4783
-382.30386
3190.8083
1575.3909
-5473.4556
68.38782
2746.7395
-1463.2579
1594.881
-3804.4883
416.58035
2814.769
-3117.569
891.99316
1.0365205
-974.11584
376.0255
199.91814
-301.31448
122.093094
-1772.6418
2215.0557
-1745.9078
1901.3896
-1713.9481
-908.39764
2707.7275
-2355.381
215.66467
1043.4591
-1770.91
382.002
1650.7704
-3046.6116
2056.9358
-476.54996
-2610.4675
3419.9438
-1693.7474
-1566.6438
2261.6182
-1820.3984
428.50494
-131.84714
508.10315
-2829.0833
3949.786
-3331.4292
1453.3965
-250.7641
376.43076
-2305.7996
3009.7126
-1212.6447
-1858.9293
3566.5017
-3441.3962
2297.827
-1485.1346
2488.5815
-5713.419
7725.2974
-6941.297
3321.104
444.57037
-2607.9832
1569.1621
-203.11497
-380.95413
-1365.1561
3227.4968
-5862.9917
6966.725
-6669.57
4688.243
-3121.1238
1128.2201
-536.91254
1124.9154
-2817.1694
3365.1406
-1638.0947
-2340.1987
6217.5146
-6932.842
3953.3267
-164.33092
-1387.5168
9.35152
3508.5166
-5603.2876
3977.3413
267.60464
-3594.8818
3271.0264
-398.33307
-2709.2415
3002.3381
-1125.3247
-1345.3761
1447.0012
-963.6633
-735.643
788.0499
-441.02914
-836.65106
115.90662
517.3082
-1182.593
-328.52142
1371.6484
-2402.887
1476.8632
-431.67212
-60.886322
-568.87634
1043.112
-1212.2938
644.6309
690.39087
-1414.1095
1578.4597
-697.42584
884.7512
-680.3302
946.394
-310.55502
354.08276
15.124236
816.35474
-454.39728
321.841
369.86014
73.46303
-281.90277
829.9971
-703.23834
187.52696
791.2718
-523.1272
-1141.9548
2887.307
-3642.8135
2313.121
-694.8075
-400.988
-303.43707
760.64575
-626.08466
-1464.1465
3796.6829
-6256.0786
5791.6465
-3409.399
-157.94287
2195.2021
-2878.1646
1856.9911
-905.0443
261.3492
-823.7824
1912.8064
-2718.9216
1833.7249
1353.1313
-4915.014
6815.598
-5991.8164
3003.7783
849.5232
-2986.772
2508.7913
10.1331
-1777.112
1227.2871
1408.3425
-4051.145
4455.9297
-2574.5688
-347.34464
2783.6753
-3491.674
1457.8729
1459.7656
-3430.106
2712.205
-379.95392
-2497.5247
3970.3894
-3462.6956
983.1509
1387.9082
-2235.3596
282.90463
2771.2168
-4269.9585
3294.0852
-948.5248
-872.65594
1274.455
79.009674
-2280.6506
3997.0703
-4004.512
3151.3962
-2347.4368
2596.5703
-3320.6619
3803.004
-4054.316
4548.6587
-4770.1553
4068.1233
-2897.4656
2251.7214
-2456.3137
2632.6511
-3006.9846
2933.0505
-2562.0496
1758.8086
-1211.853
1341.1625
-2263.8157
2586.28
-2119.2776
1698.1019
-2300.671
3111.9822
-2632.2095
1534.7878
-644.98334
581.377
-1077.9432
1973.2236
-2396.211
2011.0676
-68.76759
-1941.3594
2675.1482
-1640.7952
510.1914
-382.598
264.22748
584.44147
-1204.8313
1070.5264
-1088.8921
1792.9507
-2955.912
2983.039
-2108.8926
827.49756
440.70728
-1824.6626
2523.9922
-1516.1467
-407.798
638.9246
544.32434
-213.31573
-2193.5771
4629.171
-4477.8066
3161.268
-2407.693
2364.0852
-1416.9095
149.20532
822.6812
-1508.9943
3256.8857
-3392.8984
-595.61945
5474.455
-4918.1816
-556.68604
2761.4421
2213.853
-6959.756
3445.3735
3790.3206
-3900.9048
-4002.6658
7292.3447
810.9468
-10350.916
9041.533
505.20038
-5436.93
1650.0415
2480.048
-204.42305
-3533.8838
2075.9302
3406.5046
-4915.439
1487.8658
1991.4954
-2017.0239
823.8433
79.00135
-893.89404
2495.1738
-3025.4385
2257.752
-1479.7518
1480.2921
-836.97235
-1248.7114
2396.3271
172.43034
-4422.1733
5773.998
-3150.7737
-906.5831
3341.2903
-3601.884
2083.4065
709.73175
-2688.9731
2744.0679
-1078.1844
-51.46931
-670.69696
1914.6575
-1115.8914
-100.59494
492.7463
772.18353
-1711.4581
2158.5068
-1914.266
982.5174
1099.925
-2429.4004
2213.2085
-11.40449
-1880.7728
1727.9243
-264.83734
-1259.101
2254.5815
-2524.552
1666.624
114.817726
-879.16437
-267.76733
1488.4072
-1276.4673
-254.41335
1731.7306
-1175.3186
-411.3489
2262.0293
-3153.8337
3082.8064
-1687.7794
592.2668
-825.3208
3040.7173
-3949.4272
3391.2686
-2048.2903
1792.7909
-2627.765
3721.0708
-3528.7239
2521.9368
-690.1724
-856.4462
1573.774
-1140.6667
346.13165
-1353.3613
3919.3684
-5775.855
6428.949
-6056.1855
5370.584
-4600.0156
3762.7197
-3086.2407
2954.6245
-2607.597
2367.0325
-1351.2936
1211.9761
-889.4783
-213.60046
2071.88
-2930.2764
3834.8115
-4096.2144
4585.1455
-3956.5881
3120.5298
-2387.3906
2009.081
-1650.6163
1188.79
-308.48816
587.98334
-981.3055
643.20544
-262.96567
55.09327
39.184704
-146.37576
154.93814
841.4653
-1155.7361
877.7042
-142.91699
-463.71866
486.81982
117.87911
552.8356
-105.860054
-648.28815
2148.3516
-2579.2058
2284.514
-810.10815
-1492.7848
4607.7646
-5011.218
4168.963
-1914.0312
-41.576565
720.8943
-1304.0176
2190.08
-1902.803
746.14044
1736.0869
-3686.7178
4964.8193
-5330.202
2729.605
744.60815
-2527.388
3870.674
-2943.84
2307.8872
-946.1617
-1331.9316
3994.3604
-5309.875
5567.854
-2646.3271
1229.9581
2743.7344
-4542.773
3402.4624
-1528.2737
-182.15703
2249.91
-1614.1498
3517.2742
-2168.8228
856.486
-685.94763
-3681.5798
1140.9971
-3827.6582
3162.9238
1367.4895
731.88525
3711.7188
1435.6018
1416.2755
-1056.6383
178.35268
-1971.9617
-745.7848
1830.7852
-1923.8407
2938.624
1050.8163
-2265.0652
3041.6333
3041.4944
-6154.838
5893.295
4042.7996
-6385.7334
24088.3
66148.08
37412.562
-6934.153
-6762.6655
8068.1875
-4599.7686
-2267.3794
2631.6794
-1896.3054
2017.7196
-590.86755
-5043.3906
1407.3226
3170.3464
412.32187
-6509.3867
1626.712
2561.4705
2113.8147
-4574.913
-3249.6519
2933.0134
3762.028
-2791.0444
-3530.5198
1656.9276
2402.7249
-529.7389
-2417.5605
-372.46982
527.68964
2803.4565
-3822.4194
1992.3098
354.88553
-2768.4983
2109.5422
612.414
-2825.6292
2254.344
-833.55884
-1764.4531
4792.9746
-3756.0938
-2458.235
5664.1074
-4526.8687
992.6618
1847.8625
-2307.0815
-491.96494
3559.6797
-4667.1733
2548.102
85.01965
-2490.1638
1663.6771
1794.5171
-2781.086
174.3758
2249.6333
-3686.4739
3787.3364
-2696.223
493.5296
1575.8561
-2834.9314
4139.8516
-5142.0923
5137.966
-5232.1753
3835.6797
-1938.7771
1586.1082
-1607.2565
-142.53021
2346.5532
-3477.2024
2574.6323
-1251.5685
-1026.3066
3070.0598
-4046.6785
4965.365
-6288.0796
7105.896
-8174.412
7606.317
-4859.84
1871.7538
-593.25525
508.85635
10.628197
-530.4484
64.65146
427.36084
-1810.7522
3807.5918
-4596.7515
4175.416
-2927.164
1575.3384
-2207.8315
4505.9854
-6367.0234
5122.293
-1759.3813
-1631.6271
4230.156
-4870.0474
2299.6802
640.78217
-2494.0881
2641.2354
-1546.2228
678.9908
-731.25793
1083.2261
-915.4692
310.1442
-509.14844
426.21625
99.03693
-58.3075
1003.822
-3411.8555
5161.5864
-4696.7773
1443.1127
2883.501
-5771.774
5523.7925
-2417.0925
-796.2267
2332.2725
-2032.1665
-663.6695
2708.6636
-1934.9454
-80.77492
1261.6267
-1071.2362
-85.189384
921.6717
-1186.432
404.08905
-49.754814
721.8869
-1344.476
2087.655
-1941.8243
-42.289043
1337.9089
-521.40424
-1354.8038
2760.9448
-2839.6929
1834.0428
173.41206
-1881.0735
1769.9366
-1090.3895
275.78305
90.665474
1113.3225
-2101.7517
1398.9244
-87.12191
-1102.0568
1544.1755
-1558.956
394.57376
1288.5759
-1408.9222
683.4017
-110.68662
-597.1338
152.6451
603.7265
-539.2014
468.03088
-528.71826
580.1067
-263.44147
245.77548
-904.8575
376.4506
534.20703
-325.6777
390.4145
-438.88696
347.9963
-930.3115
1197.2567
-1086.1766
756.08905
-547.48737
144.60509
1114.8842
-1407.6583
636.54865
-878.7903
460.09042
467.2834
-355.53003
-62.964333
644.6542
-880.66534
474.85602
138.99844
-676.39923
-209.236
1083.4686
-619.23175
958.1208
-639.8678
-787.75916
581.6651
704.77936
-1849.269
2317.6406
-1876.2189
1162.8812
78.10672
-349.99615
-175.95485
-572.2463
339.48135
-46.04003
1540.1393
-1732.2622
637.2267
-53.67829
-87.26021
-147.25026
52.521606
-822.7562
1241.8114
94.13544
191.23196
-326.30212
-346.62177
-1357.3444
2051.9463
-525.82404
-247.28603
380.32562
169.8962
-516.9076
2238.4158
-4107.725
1776.9054
-243.2498
-400.79956
3545.1025
-3106.5928
1661.1742
-3468.9683
4405.072
-4846.6973
4744.46
-4761.643
1815.2809
5203.153
-3420.917
564.2355
-2474.03
-7129.8438
8823.392
3197.8342
-2651.3435
9569.592
-21429.0
9569.592
-2651.3435
3197.8342
8823.392
-7129.8438
-2474.03
564.2355
-3420.917
5203.153
1815.2809
-4761.643
4744.46
-4846.6973
4405.072
-3468.9683
1661.1742
-3106.5928
3545.1025
-400.79956
-243.2498
1776.9054
-4107.725
2238.4158
-516.9076
169.8962
380.32562
-247.28603
-525.82404
2051.9463
-1357.3444
-346.62177
-326.30212
191.23196
94.13544
1241.8114
-822.7562
52.521606
-147.25026
-87.26021
-53.67829
637.2267
-1732.2622
1540.1393
-46.04003
339.48135
-572.2463
-175.95485
-349.99615
78.10672
1162.8812
-1876.2189
2317.6406
-1849.269
704.77936
581.6651
-787.75916
-639.8678
958.1208
-619.23175
1083.4686
-209.236
-676.39923
138.99844
474.85602
-880.66534
644.6542
-62.964333
-355.53003
467.2834
460.09042
-878.7903
636.54865
-1407.6583
1114.8842
144.60509
-547.48737
756.08905
-1086.1766
1197.2567
-930.3115
347.9963
-438.88696
390.4145
-325.6777
534.20703
376.4506
-904.8575
245.77548
-263.44147
580.1067
-528.71826
468.03088
-539.2014
603.7265
152.6451
-597.1338
-110.68662
683.4017
-1408.9222
1288.5759
394.57376
-1558.956
1544.1755
-1102.0568
-87.12191
1398.9244
-2101.7517
1113.3225
90.665474
275.78305
-1090.3895
1769.9366
-1881.0735
173.41206
1834.0428
-2839.6929
2760.9448
-1354.8038
-521.40424
1337.9089
-42.289043
-1941.8243
2087.655
-1344.476
721.8869
-49.754814
404.08905
-1186.432
921.6717
-85.189384
-1071.2362
1261.6267
-80.77492
-1934.9454
2708.6636
-663.6695
-2032.1665
2332.2725
-796.2267
-2417.0925
5523.7925
-5771.774
2883.501
1443.1127
-4696.7773
5161.5864
-3411.8555
1003.822
-58.3075
99.03693
426.21625
-509.14844
310.1442
-915.4692
1083.2261
-731.25793
678.9908
-1546.2228
2641.2354
-2494.0881
640.78217
2299.6802
-4870.0474
4230.156
-1631.6271
-1759.3813
5122.293
-6367.0234
4505.9854
-2207.8315
1575.3384
-2927.164
4175.416
-4596.7515
3807.5918
-1810.7522
427.36084
64.65146
-530.4484
10.628197
508.85635
-593.25525
1871.7538
-4859.84
7606.317
-8174.412
7105.896
-6288.0796
4965.365
-4046.6785
3070.0598
-1026.3066
-1251.5685
2574.6323
-3477.2024
2346.5532
-142.53021
-1607.2565
1586.1082
-1938.7771
3835.6797
-5232.1753
5137.966
-5142.0923
4139.8516
-2834.9314
1575.8561
493.5296
-2696.223
3787.3364
-3686.4739
2249.6333
174.3758
-2781.086
1794.5171
1663.6771
-2490.1638
85.01965
2548.102
-4667.1733
3559.6797
-491.96494
-2307.0815
1847.8625
992.6618
-4526.8687
5664.1074
-2458.235
-3756.0938
4792.9746
-1764.4531
-833.55884
2254.344
-2825.6292
612.414
2109.5422
-2768.4983
354.88553
1992.3098
-3822.4194
2803.4565
527.68964
-372.46982
-2417.5605
-529.7389
2402.7249
1656.9276
-3530.5198
-2791.0444
3762.028
2933.0134
-3249.6519
-4574.913
2113.8147
2561.4705
1626.712
-6509.3867
412.32187
3170.3464
1407.3226
-5043.3906
-590.86755
2017.7196
-1896.3054
2631.6794
-2267.3794
-4599.7686
8068.1875
-6762.6655
-6934.153
37412.562
66148.08
24088.3
-6385.7334
4042.7996
5893.295
-6154.838
3041.4944
3041.6333
-2265.0652
1050.8163
2938.624
-1923.8407
1830.7852
-745.7848
-1971.9617
178.35268
-1056.6383
1416.2755
1435.6018
3711.7188
731.88525
1367.4895
3162.9238
-3827.6582
1140.9971
-3681.5798
-685.94763
856.486
-2168.8228
3517.2742
-1614.1498
2249.91
-182.15703
-1528.2737
3402.4624
-4542.773
2743.7344
1229.9581
-2646.3271
5567.854
-5309.875
3994.3604
-1331.9316
-946.1617
2307.8872
-2943.84
3870.674
-2527.388
744.60815
2729.605
-5330.202
4964.8193
-3686.7178
1736.0869
746.14044
-1902.803
2190.08
-1304.0176
720.8943
-41.576565
-1914.0312
4168.963
-5011.218
4607.7646
-1492.7848
-810.10815
2284.514
-2579.2058
2148.3516
-648.28815
-105.860054
552.8356
117.87911
486.81982
-463.71866
-142.91699
877.7042
-1155.7361
841.4653
154.93814
-146.37576
39.184704
55.09327
-262.96567
643.20544
-981.3055
587.98334
-308.48816
1188.79
-1650.6163
2009.081
-2387.3906
3120.5298
-3956.5881
4585.1455
-4096.2144
3834.8115
-2930.2764
2071.88
-213.60046
-889.4783
1211.9761
-1351.2936
2367.0325
-2607.597
2954.6245
-3086.2407
3762.7197
-4600.0156
5370.584
-6056.1855
6428.949
-5775.855
3919.3684
-1353.3613
346.13165
-1140.6667
1573.774
-856.4462
-690.1724
2521.9368
-3528.7239
3721.0708
-2627.765
1792.7909
-2048.2903
3391.2686
-3949.4272
3040.7173
-825.3208
592.2668
-1687.7794
3082.8064
-3153.8337
2262.0293
-411.3489
-1175.3186
1731.7306
-254.41335
-1276.4673
1488.4072
-267.76733
-879.16437
114.817726
1666.624
-2524.552
2254.5815
-1259.101
-264.83734
1727.9243
-1880.7728
-11.40449
2213.2085
-2429.4004
1099.925
982.5174
-1914.266
2158.5068
-1711.4581
772.18353
492.7463
-100.59494
-1115.8914
1914.6575
-670.69696
-51.46931
-1078.1844
2744.0679
-2688.9731
709.73175
2083.4065
-3601.884
3341.2903
-906.5831
-3150.7737
5773.998
-4422.1733
172.43034
2396.3271
-1248.7114
-836.97235
1480.2921
-1479.7518
2257.752
-3025.4385
2495.1738
-893.89404
79.00135
823.8433
-2017.0239
1991.4954
1487.8658
-4915.439
3406.5046
2075.9302
-3533.8838
-204.42305
2480.048
1650.0415
-5436.93
505.20038
9041.533
-10350.916
810.9468
7292.3447
-4002.6658
-3900.9048
3790.3206
3445.3735
-6959.756
2213.853
2761.4421
-556.68604
-4918.1816
5474.455
-595.61945
-3392.8984
3256.8857
-1508.9943
822.6812
149.20532
-1416.9095
2364.0852
-2407.693
3161.268
-4477.8066
4629.171
-2193.5771
-213.31573
544.32434
638.9246
-407.798
-1516.1467
2523.9922
-1824.6626
440.70728
827.49756
-2108.8926
2983.039
-2955.912
1792.9507
-1088.8921
1070.5264
-1204.8313
584.44147
264.22748
-382.598
510.1914
-1640.7952
2675.1482
-1941.3594
-68.76759
2011.0676
-2396.211
1973.2236
-1077.9432
581.377
-644.98334
1534.7878
-2632.2095
3111.9822
-2300.671
1698.1019
-2119.2776
2586.28
-2263.8157
1341.1625
-1211.853
1758.8086
-2562.0496
2933.0505
-3006.9846
2632.6511
-2456.3137
2251.7214
-2897.4656
4068.1233
-4770.1553
4548.6587
-4054.316
3803.004
-3320.6619
2596.5703
-2347.4368
3151.3962
-4004.512
3997.0703
-2280.6506
79.009674
1274.455
-872.65594
-948.5248
3294.0852
-4269.9585
2771.2168
282.90463
-2235.3596
1387.9082
983.1509
-3462.6956
3970.3894
-2497.5247
-379.95392
2712.205
-3430.106
1459.7656
1457.8729
-3491.674
2783.6753
-347.34464
-2574.5688
4455.9297
-4051.145
1408.3425
1227.2871
-1777.112
10.1331
2508.7913
-2986.772
849.5232
3003.7783
-5991.8164
6815.598
-4915.014
1353.1313
1833.7249
-2718.9216
1912.8064
-823.7824
261.3492
-905.0443
1856.9911
-2878.1646
2195.2021
-157.94287
-3409.399
5791.6465
-6256.0786
3796.6829
-1464.1465
-626.08466
760.64575
-303.43707
-400.988
-694.8075
2313.121
-3642.8135
2887.307
-1141.9548
-523.1272
791.2718
187.52696
-703.23834
829.9971
-281.90277
73.46303
369.86014
321.841
-454.39728
816.35474
15.124236
354.08276
-310.55502
946.394
-680.3302
884.7512
-697.42584
1578.4597
-1414.1095
690.39087
644.6309
-1212.2938
1043.112
-568.87634
-60.886322
-431.67212
1476.8632
-2402.887
1371.6484
-328.52142
-1182.593
517.3082
115.90662
-836.65106
-441.02914
788.0499
-735.643
-963.6633
1447.0012
-1345.3761
-1125.3247
3002.3381
-2709.2415
-398.33307
3271.0264
-3594.8818
267.60464
3977.3413
-5603.2876
3508.5166
9.35152
-1387.5168
-164.33092
3953.3267
-6932.842
6217.5146
-2340.1987
-1638.0947
3365.1406
-2817.1694
1124.9154
-536.91254
1128.2201
-3121.1238
4688.243
-6669.57
6966.725
-5862.9917
3227.4968
-1365.1561
-380.95413
-203.11497
1569.1621
-2607.9832
444.57037
3321.104
-6941.297
7725.2974
-5713.419
2488.5815
-1485.1346
2297.827
-3441.3962
3566.5017
-1858.9293
-1212.6447
3009.7126
-2305.7996
376.43076
-250.7641
1453.3965
-3331.4292
3949.786
-2829.0833
508.10315
-131.84714
428.50494
-1820.3984
2261.6182
-1566.6438
-1693.7474
3419.9438
-2610.4675
-476.54996
2056.9358
-3046.6116
1650.7704
382.002
-1770.91
1043.4591
215.66467
-2355.381
2707.7275
-908.39764
-1713.9481
1901.3896
-1745.9078
2215.0557
-1772.6418
122.093094
-301.31448
199.91814
376.0255
-974.11584
1.0365205
891.99316
-3117.569
2814.769
416.58035
-3804.4883
1594.881
-1463.2579
2746.7395
68.38782
-5473.4556
1575.3909
3190.8083
-382.30386
-3529.4783
-1921.1454
3833.4329
1676.704
-3361.8967
-2020.9388
857.1414
2741.5725
-33.842922
-5526.4316
3394.3792
162.56339
-756.6584
415.8317
-2393.9404
1394.3829
-703.4066
-417.44852
-70.16772
-172.07915
-1190.57
-162.39864
-290.2045
1254.4089
-3883.4072
1068.3843
689.3229
-2443.674
1779.2076
-2268.8103
-946.07654
1736.3677
-2759.7756
-24.064905
639.69214
-1951.1284
-891.43365
1585.8445
-2464.564
-309.76553
-1217.3759
-82.87947
-1875.5514
848.9257
-2208.7703
-2829.3687
3261.1406
-6057.216
-492.81558
352.33887
-4931.5996
-4713.6396
5067.5723
-14458.189
-5955.8125
55770.83
58841.312
17077.27
-6245.929
10929.881
4317.9316
-3262.279
8199.014
-1491.4843
2461.8022
206.63628
4347.7383
-2537.9392
3498.9465
3772.6726
-6476.312
9844.617
-5887.423
3638.6418
1840.334
-3632.7012
7012.6514
-4787.767
4397.859
-501.50967
-1723.4181
4390.6753
-3790.8984
2470.7478
2718.3384
-4836.424
5684.434
-1781.8915
-1802.5446
5120.207
-5924.2324
4365.214
1008.6439
-3757.2815
7104.4126
-6214.4263
4837.402
-1993.6301
-524.326
3642.693
-3255.0398
3613.8362
507.7053
-884.7395
2512.5376
-2798.4065
1394.3668
315.29892
393.57153
1371.8165
1243.2996
792.13043
-1582.8765
38.857685
-3391.0977
-1998.0092
-857.7621
-667.6315
3133.899
1884.8733
3333.6318
2641.3538
683.5183
1508.5212
-3892.8809
1492.2346
-3250.1152
337.82144
864.3098
-101.095856
1704.559
-1063.1151
1455.9324
-1915.4269
1177.813
-1333.8807
98.692635
2027.3329
-451.10617
307.41547
1834.5626
-2932.5544
3095.6055
-3051.3647
2814.7158
-1340.343
1619.906
-530.3289
1415.7589
-1140.1309
1094.6134
-2396.3818
3332.5474
-3083.6362
3619.779
-2793.5706
3127.4248
-2973.64
2805.4983
-2897.1006
2543.81
-1860.0806
1353.1818
144.54333
521.00433
-623.93964
601.1599
-1275.6619
2380.6958
-2991.5793
3721.1978
-2663.6528
2072.5977
36.71738
-1520.0388
2370.9377
-2329.0503
1074.8842
987.8418
-1621.1757
3501.152
-4461.8994
4213.796
-2217.2559
-942.57245
3809.3696
-5364.972
5376.8105
-2404.9507
-438.19443
3095.2576
-4334.108
3692.405
-2833.142
2152.4805
228.1993
-2514.222
4869.402
-4896.783
3299.9368
-64.44562
-3888.8071
6279.2925
-5332.829
3415.4648
-20.08572
-1822.5438
2449.9448
-2940.9478
3284.1702
-2784.573
1587.3716
623.37714
-2173.1724
3799.0566
-3164.6152
166.85614
2501.8137
-3808.2559
3444.4902
-1086.2635
-275.02042
1004.9095
-900.52466
923.9999
-1336.1764
1904.3419
-2219.219
1501.52
2008.0627
-4289.471
5190.875
-4738.596
3500.9275
-2719.0088
2973.9036
-2586.2778
1430.2372
1636.5137
-4679.465
7021.1216
-7121.5254
3897.3179
-433.38345
-1439.8276
3396.3472
-4372.3936
5159.402
-5648.5674
5083.8403
-3372.4888
398.8048
2362.6892
-3488.3
3852.758
-2048.5852
917.59216
-1465.217
1502.2555
-1006.83484
820.5353
232.11134
-857.75287
1447.8362
-643.8282
-194.5671
143.55775
-208.45638
-330.74277
1143.3998
169.96072
-554.2266
316.20822
-522.4043
-48.89312
919.83685
-1172.0905
-116.10913
2394.0771
-3051.407
3751.288
-3322.2751
888.6794
345.9902
-1528.0176
2941.2056
-1712.3663
-26.110802
1613.0552
-2423.8374
2692.9111
-2028.9408
-970.0472
2781.468
-1703.5159
1541.4908
756.75867
-3295.6038
2955.6414
-2570.5825
1518.2761
686.4021
-2156.995
1996.9515
833.63043
-2033.1511
2982.265
-5158.4814
1418.6672
3092.7083
-3808.9636
5442.606
-3778.1887
-477.2924
2687.5938
-2781.8872
736.65234
-1052.42
-1763.8223
5907.899
590.5871
-33.05738
-3949.6682
-6135.2734
3211.5457
4204.418
4564.7285
1978.7146
-8362.597
-3637.571
-466.83978
4469.916
4869.9795
607.73254
-5135.644
18.465637
-3392.8796
4271.0547
-26.649256
-658.0559
1009.7228
-1578.3792
1561.6694
505.6563
-2144.8142
-1655.4954
2985.2957
-1409.5923
1690.252
1250.7208
-3901.5889
1664.8998
974.9745
-2347.928
1566.0137
1006.2177
-3804.0884
4518.305
-269.9882
-3355.77
2554.4082
-1776.0059
-7.547317
1326.4677
1373.0131
-5066.7983
6445.386
-5426.8906
3023.4512
-1560.1478
1159.7225
-3311.9058
4619.1343
-2396.9846
207.47667
1521.865
-4188.56
4460.955
-3082.5413
1867.1754
-1449.1223
1725.9326
-2889.6177
5340.292
-7128.23
6727.297
-6033.491
3779.9731
-1880.2396
3448.089
-5960.715
6088.958
-4230.3823
264.29318
4153.1587
-7395.222
6761.804
-4108.4297
2367.8098
-1871.8091
2876.2441
-5267.474
4851.9766
-2504.0002
-208.81703
2811.5254
-4313.4033
2585.2524
1510.992
-4945.113
5195.114
-4011.762
932.11127
1699.3196
-1157.827
-1518.9392
3816.667
-5030.5386
2766.1948
1379.993
-4045.3835
2632.5725
470.78128
-3108.9285
4567.7295
-3929.1357
313.67358
1659.8599
-1553.9569
-117.08565
2049.836
-3007.7134
1357.8591
687.6261
-2090.965
2088.4597
-1802.4651
-489.31015
2323.6436
-1445.3221
-613.2326
1327.44
-2087.3877
1512.5608
-347.79282
-796.9365
521.76263
-13.162285
-1031.1282
1767.2557
-1505.5134
-5.406761
-863.89886
1704.5254
-1606.2123
1735.202
-2891.1309
2371.1304
-1806.7249
1574.0669
-2373.566
2302.4502
-2704.855
1882.7686
-492.07584
-41.14894
-818.25073
233.05557
-1259.5044
2616.216
-1952.6392
-761.80225
946.10187
462.781
-1957.8676
2328.8318
-2491.5347
93.900696
1377.8396
-1367.6401
438.19116
936.04785
-3231.7378
979.4629
3059.2517
-4116.3604
1146.7527
-475.48166
182.93423
338.82242
603.69934
-3627.7358
2964.2969
-1432.1643
-902.48065
2489.8726
-1071.3182
-3653.2993
1899.0487
3019.5308
-2020.619
-1606.4713
-3340.8635
4015.4055
4928.3
-6139.289
-5806.925
7030.1274
1579.6134
-983.4012
-6065.9624
430.75317
4305.244
4172.06
-10709.998
2548.8325
1952.2062
1839.4187
-4437.3877
2219.8562
-4621.328
6459.9536
-4219.961
149.17574
-503.41644
1818.0402
-5138.6245
4980.952
-1932.7339
-1103.1543
-867.8297
1719.1062
-2275.9644
2506.3643
-3696.999
382.314
1304.7771
-320.71445
-2886.2883
2654.827
-1788.9668
-1717.0492
2208.2795
-1910.368
-188.84477
-97.86981
-1265.6208
384.19553
821.4665
-3324.8472
785.73346
56.386204
-559.42896
-1431.1223
896.22174
-1476.3048
-272.73187
-267.06805
-922.25574
-159.2323
-654.5626
-1417.1665
452.52728
81.19218
-2348.817
-428.4074
193.00934
-985.61646
-1671.3578
1023.5185
-2793.6836
892.8847
-1710.364
-732.66077
-1250.3306
516.19946
-3954.7715
1304.664
-553.50525
-3223.5244
-343.89755
-775.88464
-1962.3074
-1778.8839
-348.2694
-3155.5286
-1148.821
-428.31207
-4492.527
-1947.6708
1174.8905
-9303.798
127.41212
-81.56774
-12588.303
-751.4325
-2226.3892
-28580.207
10357.587
65146.29
59489.027
3213.484
5893.061
11945.871
2978.4211
1141.8213
8575.109
-1112.5234
3326.4138
6251.13
-3989.5908
7478.498
-1702.8058
5507.8413
-3443.0066
6388.741
-2110.212
3714.4565
-716.33826
3654.2468
-968.10864
2437.5103
1592.8136
-3233.3516
9268.592
-8615.392
7626.308
-2063.5515
3056.2375
-2230.7144
3847.577
-1576.75
1932.6642
279.87744
208.76482
1765.7458
275.85098
426.42032
-428.7813
3539.7424
-2323.9153
780.7427
1119.318
3113.6362
-4850.557
5981.3247
-3246.1655
3222.598
-1781.5654
1141.7594
1427.4559
-464.22256
1916.9447
-2967.6072
5578.596
-2007.0919
-1961.4218
2175.661
3489.4019
-2737.024
-3350.6704
8961.258
-2369.4385
-6007.2075
5584.391
4324.6196
-7264.961
-584.06384
9980.352
-5105.019
-4067.1655
5757.8394
2936.4512
-7488.577
2553.4668
5976.207
-5108.327
349.03253
3439.8757
-299.8628
-2162.3997
2156.188
-487.068
865.94446
527.1535
293.39352
65.004585
1718.3362
-1228.9567
-1191.7112
2446.7385
-777.41187
-599.41174
2044.605
622.9944
-802.6606
-934.73193
327.41104
-1991.9042
562.7121
-453.6351
2178.9966
1802.8925
2167.0642
1674.0155
-136.2992
1776.4537
-3905.0986
1184.4874
-2946.3462
1848.2599
-2406.0056
1790.1602
2328.1406
-2919.6125
4134.424
-3360.2356
2263.6052
-1466.3739
784.06055
962.31665
-1255.4425
4022.195
-4578.341
5076.4805
-3432.3281
1640.3749
-565.9272
43.88636
2607.3406
-4267.115
6142.9614
-5415.031
3696.4595
-1619.2893
-204.4415
1679.2465
-2499.3406
4173.1504
-4653.8994
4960.383
-3114.3572
85.21963
2182.667
-2397.0425
2371.8833
-1830.907
2818.5288
-2464.6543
1637.4563
545.0954
-2212.567
2990.3054
-1859.8647
1189.4279
-165.72968
1198.0663
-1856.5388
1564.0525
368.22095
-1966.7068
2467.8025
-1100.5294
-76.517265
1486.0563
-1570.8815
1180.1248
-505.8367
-258.8426
909.6792
-690.79846
937.4762
-600.30865
634.3495
-487.2443
667.9157
-177.53584
-790.94324
2177.541
-1630.4559
397.99057
1781.0116
-2326.9949
1473.3062
19.70607
116.86583
-984.9718
2164.3623
-1154.2847
-850.18823
2920.649
-2252.9395
-746.2712
3099.3828
-1632.9957
-2454.72
5871.8857
-3964.2278
-2422.7522
8445.935
-8527.996
2112.094
6090.7324
-9261.696
5525.5327
2307.0315
-6429.558
3929.3826
2384.213
-5681.7104
2680.0203
4859.313
-9446.979
7304.964
1103.7837
-8874.353
10968.8545
-6102.4893
-1614.1377
7268.377
-7760.7563
5478.4004
-2720.0144
1107.7247
-82.57659
-1329.0343
3083.8176
-3988.225
3216.5664
-841.8585
-1610.2029
3403.2825
-4062.2976
3599.2131
-2525.0234
978.83923
1672.7323
-4077.6465
5417.579
-4294.426
1574.6263
1792.8815
-3967.518
4395.325
-2789.1738
565.2179
2309.5112
-4266.1875
4804.1494
-3898.1404
1865.9553
368.98288
-1572.7235
1122.3547
541.61804
-1957.6716
2423.1409
-1934.6863
769.6161
-81.42701
-12.473146
-81.82203
354.51517
-523.1623
363.78418
-66.16936
-187.01315
214.75516
-135.97252
-60.117783
395.26337
135.0615
-1148.829
2188.7043
-2541.7476
1717.033
34.92911
-1213.8422
1091.3333
444.55484
-2422.3572
3980.6658
-4387.731
3249.533
-1817.662
356.43362
622.2368
-753.59503
-368.56363
1955.5901
-3776.46
4319.1226
-3248.6953
482.4096
2033.9417
-2974.6619
1728.5818
1129.1837
-4284.6963
5402.9536
-4218.729
1351.3025
1977.3198
-4197.066
4272.811
-2315.866
-640.6274
3173.4607
-4357.7837
3332.9553
-1007.77234
-1192.1555
2482.4883
-2708.929
1598.564
-759.7355
301.96442
-548.42346
403.04803
-240.01978
-639.0455
1589.9147
-2411.5322
1794.8721
-591.49536
-1838.8649
4106.227
-5214.861
4103.2217
-1436.3512
-2511.5562
5809.9106
-6963.0234
4801.4487
-769.82947
-3965.5696
7266.633
-7491.221
4251.279
433.389
-5019.708
6812.6807
-5310.8364
1202.2157
2625.974
-5194.345
5185.2583
-3384.157
400.9777
931.6432
-1729.2505
1550.4993
-1178.638
177.8783
190.37021
-1077.2528
1171.2238
-1114.3453
452.56708
-752.27716
870.703
-1285.7887
1553.5289
-1445.4746
-321.84012
1513.3047
-1738.7197
484.936
1274.7576
-3322.0308
3589.7415
-2274.7825
-590.4761
3030.3665
-4778.058
3101.7808
-57.37933
-2509.6177
2776.6978
-2008.6667
-1257.6152
3489.2778
-3415.2422
-107.67437
3223.1863
-5020.0356
2865.778
1273.3821
-5247.4326
5193.548
-3224.4082
-1335.4015
5212.7197
-5361.943
312.43167
4113.0493
-5880.024
4454.6074
-1508.6111
-2565.1787
3137.9055
-1022.4746
-2424.8662
4417.6836
-3662.0574
-2543.423
6330.4365
-4789.826
1526.7612
-718.8307
-4320.763
8328.335
-3972.6482
-4051.8667
2371.0525
712.17316
1140.0706
-1500.1837
-5055.233
4902.9604
1354.0187
-3095.2012
-2071.386
2388.8774
-1335.261
2482.7861
-2864.765
-2598.927
6567.944
-7191.6206
4602.7935
-2371.5225
-499.71027
942.0578
-2322.8064
3994.7554
-6270.1265
6616.5117
-8168.406
5771.9272
-719.2405
-5350.64
6672.0156
-7214.058
6383.7793
-6911.4644
6031.544
-6010.4214
2318.405
1652.2024
-6923.819
9026.829
-8701.277
3129.85
582.2615
-2265.1482
439.28818
-871.6951
1228.701
-4217.7544
6126.2817
-7161.2188
3105.103
820.7166
-4914.531
3808.52
-1186.7305
-2577.6995
1552.374
-403.99548
-1723.2793
301.86658
416.1845
-3524.6152
2560.433
-364.78085
-4508.9307
4635.0215
-3707.8364
-997.7156
1561.7761
-1465.4802
-2087.539
1458.0764
-881.5277
-3206.9546
4074.2302
-4749.3716
-379.62238
2581.7688
-4044.1655
101.23837
1232.1111
-2750.155
-1203.9589
2853.8403
-5335.633
2306.049
-1241.9878
-2080.1755
245.92844
558.9132
-3906.004
863.7722
79.03398
-3704.8425
1435.8221
-1852.1183
-1453.7465
-1049.2155
288.32913
-3715.569
394.31192
-731.0126
-4631.5117
2483.6174
-3343.2358
-2062.785
-1215.3663
-209.68214
-4963.3394
1188.5502
-2683.7566
-4191.8457
1870.9366
-5252.6997
-617.3792
-3797.1226
1178.5819
-9800.216
5560.683
-8903.49
-1064.3256
-4590.5854
-1083.7523
-10625.955
967.5607
-7960.4985
-14431.672
1813.1854
-21062.533
-33194.152
21578.562
92909.83
39581.027
10896.626
6838.5645
20681.299
-5111.3833
13763.128
2780.801
5386.5166
1147.2806
8367.061
-1461.4893
4754.356
4122.477
-627.24945
4798.4526
845.27167
2257.4934
770.3703
4529.701
-2819.7122
5692.1016
-910.47
3008.2068
-13.806043
3181.5042
-536.6346
2767.0325
783.88513
1603.552
994.5318
2481.302
-390.24057
3167.092
-192.86105
2502.6626
-1217.2328
4894.4033
-2492.1792
3850.0686
-672.11115
2449.4858
-1365.4349
4489.038
-3797.343
5061.7817
-2032.5939
1850.5059
670.22845
1102.4187
-690.5457
1784.0714
-529.7021
1738.1228
-387.66022
1176.7124
811.8055
-58.634804
1458.6715
144.3786
-72.835686
2272.972
-1077.8495
1503.7839
2344.6108
-2671.9868
4411.837
-2655.0017
3098.442
-928.02716
1714.4171
-1009.8584
4064.6997
-4234.075
6131.737
-5120.24
4888.801
-3152.4844
3110.697
-1723.4373
3023.5298
-2898.538
3965.9285
-3359.2485
3727.418
-3150.4724
2786.9333
-864.23236
1483.5702
-925.171
2812.7234
-2833.2559
3071.1167
-1495.0935
1396.8641
490.25076
246.30243
1508.6792
-923.2675
2901.7751
-2279.189
1228.5365
1195.7396
31.17974
-1159.3916
5585.1914
-6124.8374
5082.9634
-1359.2714
-1280.9579
1127.2354
2228.3433
-5044.6636
6828.937
-3287.0825
66.877945
885.77655
250.84084
-3079.0735
4683.7466
-2881.3955
1823.7598
1200.9904
-460.6024
-194.95288
856.46014
-723.52216
-259.01913
2855.1926
-434.0971
2640.9895
-1247.5404
2214.0667
-2344.8164
896.1167
-58.60375
1064.1959
1318.3053
3519.2444
-1304.676
1533.6661
-3828.1477
-3629.8162
-4082.1538
-1400.126
-2352.7957
3953.488
2608.3733
6250.995
3204.3862
2544.0022
637.81616
-3281.7524
284.19952
-4799.34
2537.2253
-3290.1824
5368.6313
-4193.2065
6789.6987
-6005.247
3302.9282
-3984.9019
1948.7283
-1056.5386
989.6841
2588.727
-3181.372
6139.013
-7397.4995
7147.146
-7569.0967
6961.7896
-6031.2705
7731.998
-5056.7603
4247.727
-2580.7395
415.35812
626.98627
-1935.9672
3185.8928
-3504.9773
6099.023
-6120.6978
6402.7065
-5804.397
3162.2437
-2678.2593
2804.9922
-1516.0369
1724.2109
394.95935
-2417.7202
4327.974
-5035.5806
3062.0918
-1503.6605
1424.8171
-402.81027
2063.6072
-1117.1389
-742.44836
1323.3866
-1753.2828
1097.033
1047.251
-1401.6808
1664.5496
719.9389
-1174.0288
-315.26874
825.9283
-2250.7683
2757.8296
-637.4104
861.9964
-738.2349
1081.2998
-1776.5874
957.77625
667.0389
-3381.8037
5060.9946
-3366.1558
3896.494
-3138.5808
1821.4111
-2660.9966
1709.2048
774.0746
-2545.1665
5334.7446
-5781.879
5344.7593
-2578.014
-496.96198
748.7824
-3260.7556
5877.5874
-4972.6235
6821.8994
-6777.5317
3548.7424
-833.47046
-2476.4263
4321.6543
-5573.1104
5795.3945
-3872.4382
5957.5996
-4591.821
-152.57925
-264.38196
-2864.8127
7216.1685
-5316.7915
4715.9346
-3853.066
2992.0432
1.6720827
-3362.4675
587.98676
-5833.363
8670.729
2109.62
4059.7244
-5294.672
-10165.905
231.57985
2116.9954
12476.567
1250.4348
-3974.9575
-8361.513
-5162.434
5514.5723
5184.1313
4671.234
-4528.65
-2810.7288
-1570.0154
787.5173
3175.9988
-3073.8433
2152.5688
-1996.9318
2911.1135
705.80334
-3391.6602
1697.1578
-5459.1025
6867.4004
-2031.6074
868.73004
368.81824
-4168.162
5181.634
-3595.039
1080.2281
-58.139286
-2671.2224
4681.747
-2554.0771
1801.7975
-1605.6515
-2791.2898
3984.7385
-2818.6
2635.4734
-938.1756
-3333.1213
6718.3965
-6419.299
4274.1562
-2139.8394
-3292.2512
6906.8467
-6932.3706
7116.9087
-4898.1284
-670.7878
3878.9622
-5755.4316
7272.911
-6682.2266
1532.9745
3214.6125
-4689.9087
5732.6123
-6066.919
1894.7653
1004.19385
-3069.0945
5210.81
-5229.056
2264.9768
-736.6225
-1011.495
3750.324
-5270.702
1908.8966
-289.18365
422.12225
1962.0319
-4423.868
2680.049
-1408.6599
-453.0893
2775.3281
-3514.9277
1334.8292
-342.94962
-1340.7909
4373.3833
-3932.7598
-2101.2056
3157.6296
-1748.3771
3138.3828
-3373.1003
-1844.2115
4268.0986
-3702.3772
1824.8969
890.3303
-5042.6694
3962.0288
-3760.8694
5589.1055
227.02275
-10607.797
5311.522
3066.4312
2081.8728
-4236.2773
-10897.1045
12961.099
5343.2944
-10192.986
-2931.8484
-1238.7526
11374.444
489.2121
-15552.053
5579.3384
5517.405
-356.07275
-2291.6736
-7662.2236
7604.1836
1858.8496
-6093.722
3260.9583
-2745.668
1080.65
1004.5502
-4257.8833
5507.108
-4197.293
-2787.5547
5825.7344
-3254.8982
733.77435
-2441.9937
-819.4941
4479.701
-3918.8518
-1277.217
3470.6475
-4305.153
2831.688
-1343.7117
-2362.5583
4297.3975
-5540.4697
283.0415
5445.6104
-6243.4893
227.68907
2624.138
-4191.535
3468.8315
-2215.867
-3277.1294
5345.896
-3319.4412
-3295.746
6395.36
-6312.7075
1064.0017
1480.6135
-3798.0254
3622.8032
-1348.7113
-6645.764
10071.427
-7345.0127
-1086.9591
3999.4626
-4364.9614
231.40184
3435.961
-8027.024
7114.9795
-3047.2139
-5014.3877
5822.9336
-1680.5039
-4902.1685
4673.8223
-4508.781
3070.8635
-1816.1619
-4487.414
5007.487
-1570.3154
-5609.526
5478.1206
-2772.8606
-2372.0862
3064.895
-5972.7603
3407.014
2821.9124
-11632.543
5333.4375
8504.211
-15605.452
1858.3285
10490.847
-8429.605
-7948.5933
10544.545
-35.60197
-10365.06
1331.1279
8136.183
-6573.4067
-6907.276
5882.483
3923.075
-11698.101
1344.333
8200.039
-9048.715
-4254.9795
8791.729
-5996.2183
-4847.453
6628.12
-6461.7847
-1181.8185
4582.123
-8112.9897
212.30913
4706.4966
-8638.069
438.55127
3626.0034
-6458.023
-1490.6741
3252.0793
-5927.062
-86.15587
1.9443063
-4462.291
460.7791
-372.32965
-5420.5386
969.8919
-1541.3042
-3991.4885
-824.29596
-714.40314
-4808.4863
124.29887
-2553.567
-4538.366
1437.8746
-5592.9546
-3735.498
2077.9504
-7146.914
-3347.1575
1258.0159
-8034.1113
-3508.387
1136.0045
-10710.884
-2125.107
-1039.6719
-11622.894
-3631.9019
-1569.7701
-14786.1455
-7064.566
-2326.0754
-20543.32
-15276.787
-3574.4304
-48908.277
-47744.152
62350.023
103335.06
36520.45
12078.498
20213.787
13013.322
10035.229
7936.4766
6924.383
11896.686
-541.1753
8294.628
10077.479
-4877.852
11312.782
6043.1226
-4922.694
11003.969
4701.6577
-6517.058
13629.816
319.16446
-4023.27
13123.713
-3614.7888
1066.365
8589.146
-3108.797
2858.9763
5265.376
-646.16797
1397.9093
5918.0923
-3372.7083
5770.1245
-30.46202
1307.5039
4007.7751
-2077.0957
5370.954
-477.9773
1168.1107
3564.6292
-1007.2452
2737.6997
1377.5751
1495.9587
-204.31256
4309.3047
-2026.5801
3003.4165
1878.8901
-1641.7194
4979.2085
-2371.8494
3422.1528
1190.1715
-1393.9376
4580.7886
-1991.0615
1956.8724
2339.8132
-1140.5883
2034.8186
1897.086
-1103.8928
2393.8428
1043.0851
-684.52844
2208.5698
1147.8628
-740.4493
3006.3552
-477.92838
173.80188
3761.7163
-4055.064
6198.3027
-3064.3982
703.07477
6065.0566
-8124.1514
9411.9795
-3359.4895
-2787.8506
10642.428
-11162.63
9148.562
-509.1186
-5724.405
11591.667
-9914.624
6007.9565
2761.6274
-8707.934
13797.076
-11045.897
6559.063
2267.2222
-7421.4434
10775.337
-7348.1763
3408.8066
3208.9487
-5170.598
6917.411
-3681.6086
1670.9519
1960.8528
-2432.3381
3423.9985
-1132.9065
1120.8438
631.218
347.47195
510.6604
13.109343
1911.0668
-2413.8093
4114.6553
-2563.5762
1682.7847
2253.4565
-4233.2134
6357.4185
-5110.984
3626.3845
540.05615
-2410.2522
4500.9985
-2626.6707
1297.9319
1846.177
-2663.7043
3564.5757
-1943.4464
1636.4719
1074.5624
-1769.406
3965.8965
-4110.009
4705.462
-3063.4111
2034.0275
664.2199
-1670.7218
4883.971
-6657.4536
9325.291
-9769.69
8608.875
-4101.659
-540.48724
6814.9424
-10196.25
12893.589
-12002.507
10029.125
-5742.623
1090.1614
4769.0557
-7797.2275
11119.236
-10611.913
9971.551
-7387.614
4829.8755
-970.54565
-1726.9215
5703.568
-6793.212
8853.93
-7710.4634
6430.967
-4548.7163
2144.3005
518.0163
-1444.6096
3619.6423
-2505.571
2149.873
-1705.9194
-96.69878
-1809.9658
942.4548
-1694.0067
3294.9238
497.431
2317.5369
2156.0552
-410.85474
1875.1338
-3539.227
2609.2385
-5443.397
3946.624
-3171.8206
1910.1956
1476.1774
-2014.3612
3583.5
-4120.6074
5229.7783
-7030.095
8492.769
-8537.02
9187.305
-7187.3745
7726.9854
-7461.249
7597.8774
-6745.3613
4748.642
-1370.3389
-614.056
2642.37
-2968.6948
4873.838
-7383.89
10339.562
-12888.515
13808.443
-12436.191
11377.689
-10218.252
10624.722
-11027.677
10554.214
-8706.671
6368.7646
-4308.705
3749.7656
-2715.943
2260.8577
-581.8549
-1564.889
3321.0696
-3491.3342
3031.6768
-1747.9647
1852.1667
-2230.552
3254.3726
-3222.9595
2443.3618
-1650.3506
1514.1573
-1970.6201
3886.2043
-5130.679
5395.9297
-4996.095
4897.443
-5894.298
7754.808
-9448.727
10270.274
-9611.687
8968.418
-8712.82
9123.475
-10448.25
11411.116
-10875.199
9953.786
-9131.725
9157.966
-9419.016
9686.873
-9600.887
9055.545
-8774.288
8986.509
-8997.53
9231.813
-9079.973
7846.006
-6795.2236
6301.0654
-6172.8247
5589.891
-4819.8286
3918.7136
-2769.0823
1569.5922
-1063.4791
336.25528
-47.738213
-4.80689
498.59418
-1036.6616
955.99445
-953.176
1325.7345
-1878.0442
2045.9957
-2862.4407
4194.577
-5226.7236
5962.578
-6484.8823
6054.2144
-6024.9346
5821.6
-5415.766
4710.303
-4738.2603
3756.4705
-1767.7931
-878.97473
2361.893
-5020.63
6788.2095
-8424.181
9533.556
-11051.468
11481.474
-12341.192
11710.587
-9877.876
7011.583
-5484.0166
2726.2231
1199.9447
-4694.518
6346.0947
-8878.34
10184.043
-10287.496
9640.039
-9329.811
8285.075
-8447.713
7005.5796
-3860.0637
561.778
-1773.1501
-371.26947
5389.371
-7047.341
4877.184
-8850.154
12721.631
-8983.986
2728.6494
-4451.094
3677.679
3170.3953
-7171.5527
3694.8076
-4613.2935
7803.3154
-6684.636
1187.6074
249.11389
-2193.1958
6307.3833
-10680.456
10839.342
-10210.503
6766.9385
-3164.4434
-1480.5372
5443.506
-10286.203
11254.118
-10706.724
8670.838
-7070.3477
1574.975
2599.9124
-6109.7954
7495.898
-9553.078
8693.516
-7853.3374
4034.3945
-942.7935
-3324.9097
5555.1143
-8800.203
9390.317
-8873.199
5151.2773
-3004.9111
-1404.942
5207.5566
-9536.306
10382.645
-10600.699
6638.7124
-1980.8826
-5235.14
9431.721
-11933.382
8105.5757
-3059.8606
-3648.911
7145.863
-10509.318
8319.889
-4958.0713
-1649.8137
5828.463
-10624.984
10657.426
-9184.442
2629.4387
2732.9478
-9044.1
10043.498
-10205.645
5807.9355
-1192.7593
-6563.0063
10294.094
-13068.528
9864.946
-5605.5293
-2896.1897
8133.9707
-12183.619
9415.808
-5133.5815
-3463.0344
8197.914
-12457.961
9555.128
-4535.9507
-5312.03
9906.911
-12007.28
5940.354
14.116494
-8392.063
9223.809
-7709.8555
-162.72894
4772.2017
-9269.736
5820.3726
-2868.2654
-4172.692
6431.4746
-8468.759
2934.221
1493.0798
-8078.9487
7971.985
-7644.0127
491.97073
3808.519
-9672.981
8066.878
-6104.915
-2171.2563
6125.7725
-11114.665
7312.241
-2986.3665
-7785.785
10998.596
-11041.399
18.220808
7730.3154
-15170.09
8958.329
-772.3129
-12139.763
12856.639
-8930.011
-5255.1724
11424.372
-13876.118
2764.5776
4714.6157
-13021.446
7864.676
-1881.1256
-9949.59
9889.428
-7851.9272
-4260.8936
7762.6743
-10277.03
-626.8122
6610.612
-14061.513
6149.5435
912.28
-13982.524
10823.208
-5670.5327
-9682.66
11055.712
-10335.631
-4961.151
9526.483
-13479.923
-389.72424
6312.778
-14310.875
3162.672
2540.7693
-13178.436
4389.816
-900.54944
-10955.921
4279.9893
-2900.9966
-9923.079
4301.101
-4367.9927
-9073.472
3289.5403
-4536.488
-10470.5205
5155.9424
-7779.2104
-8700.902
4174.356
-9989.732
-7201.1694
2500.5715
-10749.27
-8592.959
3482.0935
-14108.708
-7958.347
2603.6345
-18172.068
-6906.063
-66.553505
-22014.924
-7125.9907
-3332.5679
-29260.793
-8135.9683
-10171.32
-42942.562
-16935.584
-25010.953
-114253.336
-52199.977
127447.375
136046.66
35272.31
21144.807
41940.285
13259.19
13431.157
23485.988
7655.4375
12675.618
11658.64
10734.184
4547.289
13323.723
5868.788
4500.365
12003.108
2086.355
7731.386
5675.8975
6092.501
3081.5115
7047.2393
4693.92
2131.3564
8684.578
506.71237
5291.1724
5146.5117
2188.2769
4077.1055
4427.4634
2914.8801
2523.3196
5689.59
801.1939
4152.3643
3257.3145
1867.0833
3574.2952
3423.4731
1422.5171
3446.6494
2780.499
1957.7012
2556.8347
2630.3286
2394.285
1427.8927
4139.623
471.65448
3124.327
2256.8074
967.38605
3342.5305
1481.036
2064.6646
1784.0902
2646.0464
1309.4706
2125.913
1780.627
1715.2919
1726.3846
2135.6313
1377.9598
2339.0015
835.7753
2625.2317
406.10175
3067.7188
160.73814
2411.2593
933.0831
2833.6575
-398.24966
3650.2993
-947.332
3458.108
-524.8667
3500.193
-945.1369
4134.402
-1511.8921
3844.6982
-335.21964
2222.11
-29.49787
2821.7131
-492.0725
3485.4727
-1136.8597
3430.629
-972.89655
3169.553
-776.1167
2738.7195
151.63521
1627.2216
866.8656
2083.1055
-274.57846
2095.6135
585.47437
1526.0591
1104.2897
1213.7681
388.6766
2025.1085
350.17822
828.21643
1563.747
178.49635
1179.8645
1185.2296
1025.2383
803.56946
957.28876
394.44635
1173.3518
717.6055
914.1815
496.99557
1451.3081
441.43063
1271.1202
187.24493
1172.9199
414.72076
356.5731
2489.007
-953.1214
2544.7559
-488.6431
1421.2615
798.6071
439.29456
910.0058
527.5662
1772.6565
-26.628632
1614.7483
156.41008
356.03412
1192.4663
-493.73508
2744.0347
-2119.9026
3539.266
-2000.0647
2335.8394
-215.82664
-857.8872
2006.9414
-1299.882
2377.7427
-886.00964
1607.6277
-514.22546
506.10696
1088.7026
-1035.6176
2905.8066
-1806.172
3029.4885
560.9357
554.85474
1468.8285
-199.1285
1910.2859
708.4562
2401.2634
301.79572
2700.9426
724.91064
1108.3262
2094.5493
-534.0682
2506.166
-1.8722577
2708.2007
1304.5792
-310.74948
1838.5205
-1148.5027
712.20123
943.52673
-1503.1556
1719.75
-61.413944
-777.27814
971.9317
-2440.1736
-899.3471
-721.37646
-1083.8575
1484.1265
-1351.6543
-398.3279
391.89334
-2596.708
677.1785
-1665.4044
-1136.9833
2752.5457
202.14566
889.79614
2427.4065
-3462.0864
1650.8181
-646.4138
1201.0801
2839.3513
1637.4642
3335.5332
2253.1416
46.495747
-660.60187
-2799.798
1679.9321
2439.7322
4695.494
6227.416
1602.2728
-1647.0653
-4958.62
-12644.02
-10663.637
-11727.06
-5026.6504
6237.9727
9774.373
13356.4795
12754.217
6868.601
2307.9258
-2873.8264
-8442.158
-6765.033
-3560.5015
889.9842
4649.913
5261.2847
-585.5523
-2265.2805
-833.13635
-4427.2725
-2610.343
-730.1791
502.09644
6235.2007
5390.7637
-1425.4412
-3321.1929
-4406.258
-3987.648
4267.679
3265.0874
464.65543
1447.1394
4628.4375
2094.8557
-3478.926
-11747.507
-9087.296
7450.0356
17903.367
13633.598
-3258.3044
-23403.35
-20394.691
2739.3625
24937.053
21146.49
-2453.61
-22186.715
-16835.86
831.7294
15095.271
12139.835
439.49088
-12816.372
-5400.019
4683.1875
5934.1577
-1795.0251
-8414.729
-25.71067
10208.402
3413.756
-5720.023
-4293.8784
-3358.541
729.5842
8031.4507
3551.012
-6781.7905
-9527.784
4195.388
16122.92
-1420.635
-22013.588
-8016.938
26439.473
15566.43
-25438.475
-21215.77
19516.285
23872.666
-11970.081
-29054.418
5421.459
28671.004
1843.8783
-28632.016
-3209.5664
21824.928
1994.7405
-15940.216
-1690.4995
10443.888
-649.0703
-5974.3403
1322.9154
2282.0857
-235.1546
-8975.225
2021.7374
16518.61
-11869.992
-18081.797
20958.916
11422.938
-29087.65
-1549.0062
30950.979
-15573.882
-24813.42
28914.918
11637.687
-40943.285
9669.818
34602.367
-30648.572
-13740.833
31550.973
-6613.6504
-21776.2
14355.933
9810.651
-19867.137
795.2923
17025.59
-15073.145
-2801.6125
14844.5625
-17275.133
2493.2832
16755.172
-25582.818
4673.8823
24916.656
-35983.934
11724.416
23589.754
-42483.516
23213.326
10483.99
-34066.582
26598.184
109.20268
-29343.98
31733.102
-8806.944
-23723.492
31342.982
-15457.818
-13602.034
28696.139
-25312.943
2996.0261
16916.84
-31335.137
27971.854
-15630.238
-6436.4224
22099.613
-33374.902
30080.516
-16943.678
-10677.716
30954.146
-39960.516
25877.627
-3389.4084
-22786.3
33255.656
-32550.316
14110.918
6599.564
-30173.148
39409.04
-41069.69
27655.344
-10443.739
-14192.709
28366.201
-38591.766
35443.977
-32310.47
21256.396
-13529.041
-1543.7045
12270.874
-27148.977
32132.105
-37997.918
30660.225
-22069.129
3403.6653
10840.968
-30606.502
39954.574
-49217.11
45556.918
-44616.453
35371.246
-32267.805
21863.516
-16418.604
2950.1746
2626.7966
-14418.24
17308.77
-25776.355
26352.262
-35171.31
36721.27
-45595.34
45773.51
-53839.367
51709.914
-55991.89
49597.19
-49911.055
41542.785
-43319.457
36427.965
-39242.016
33032.07
-37057.176
32424.645
-39507.74
38376.402
-46962.918
43587.02
-49440.11
43378.543
-47748.594
41330.57
-45647.38
38611.76
-43492.62
36757.434
-40797.344
29952.965
-27895.42
9086.878
-570.1455
-19915.729
24299.854
-39199.848
37386.465
-48042.188
42509.848
-48378.344
34343.703
-29998.48
5356.1387
5639.936
-31513.906
36548.926
-53394.688
46991.543
-51485.605
31479.695
-23538.113
-7603.2246
20121.957
-47217.293
44152.77
-48774.44
20200.832
-4798.751
-33634.785
43675.746
-63940.848
43531.723
-31988.422
-13128.989
30945.213
-62342.074
46888.816
-39548.973
-7985.016
24753.814
-58128.33
37609.324
-27896.72
-26212.803
39918.043
-66718.92
26874.896
-4989.247
-55324.652
49586.21
-51774.73
-15244.4795
32762.236
-68661.61
16193.469
2844.2705
-65349.375
32545.598
-26181.605
-53232.35
38137.062
-55611.37
-31651.416
27017.877
-75636.77
-10968.924
1237.5082
-81017.08
-8526.432
-19074.8
-99938.82
-9115.572
-54291.605
-145346.16
-22791.99
-166795.02
-414709.44
-41298.676
415190.62
278922.38
63466.445
100199.37
95649.98
34336.824
58315.367
55782.387
24061.193
43097.043
36818.598
20692.512
33537.254
26852.959
18861.473
27172.654
20956.756
17516.326
22279.502
16450.785
18454.785
16035.169
16674.002
15696.082
13340.54
16687.418
12218.9
13137.783
14629.892
11050.103
12202.437
13709.241
9719.238
11410.771
12493.191
8969.48
10896.188
11400.733
8247.815
10503.025
10891.579
7001.3535
10959.761
8825.445
7731.5674
9547.532
9070.856
6935.2896
9414.2705
7823.2485
7579.447
8057.226
8157.3584
6325.3013
8509.334
7328.2085
6731.1543
7198.768
8245.051
4695.943
8703.683
6436.22
5556.5073
8196.388
5512.7065
6431.642
7412.58
5102.0405
6629.2197
6341.4673
5837.9214
6120.0474
6112.2925
5838.785
5683.874
6063.5317
5324.359
6180.4
4940.765
6039.939
5279.9487
5735.694
5200.1943
5389.904
4984.4595
5854.302
4504.974
5692.3623
4956.9717
5141.236
4958.7886
5314.678
4673.8823
5065.4478
4860.823
4684.1973
5481.047
4453.596
4686.288
5256.704
4084.1516
5477.582
3682.2712
5216.002
3900.622
4962.6143
4794.1177
3950.5474
5091.434
4052.2803
4023.479
5424.2017
3618.102
4322.174
4851.0767
3931.4023
4101.406
4844.0786
3365.4229
4602.5957
4205.5693
4001.019
4136.178
4847.4697
3001.42
4969.9995
3912.4517
4086.0183
3945.662
4117.8813
4092.2195
3735.346
4379.4224
3284.04
4482.949
3477.2417
4237.0557
3780.8643
4058.3062
3777.5383
3495.9932
4322.896
3637.802
3354.0208
4341.8613
3263.6929
4381.7476
3278.2139
3926.0076
3519.2349
3751.0903
3467.7446
4138.3926
3111.0266
4403.2983
2730.4683
4454.937
3382.785
3351.2449
3592.3914
3782.8103
3505.9392
3763.0623
3494.1594
3281.5527
3962.2363
3033.3318
3798.6987
3725.0374
2954.2678
3691.289
3569.7156
3575.5042
3290.6465
3553.148
2920.937
3962.8347
3258.2026
3056.7202
3970.4028
3244.3364
2955.468
4003.5122
2989.6846
3248.107
3394.9019
3488.4526
3376.7034
3632.043
2989.6802
3274.4001
3490.0486
3520.8767
2547.349
4128.4688
3111.469
2939.769
3892.1934
3133.2915
2840.1648
3522.8843
2871.852
3673.0176
3447.3884
2700.8342
3592.9365
2934.461
3655.0981
2530.5566
3331.873
3416.8477
3078.335
3167.0454
3926.9924
2351.9902
3509.0537
2727.9502
3991.2217
2362.2622
4050.4644
2375.5137
3728.1309
3703.909
2218.8574
3409.8696
3306.234
2688.1682
3544.1343
3484.1028
2936.5918
2860.1648
3365.6973
2558.9585
3970.1252
2048.3909
3217.4917
3662.4521
3245.9507
2933.7688
2885.099
3134.0894
2635.2002
3372.713
3402.9268
2830.0396
3865.156
2217.005
3240.929
5368.251
-601.27136
4581.268
4205.9536
1060.406
6860.9297
-505.11908
6247.6846
-589.7068
6979.0435
-1153.1803
6174.7236
2894.7695
-291.4065
7725.2354
3771.6245
-1028.9843
1510.6758
4346.9033
1903.3822
3396.948
4993.9727
-6050.491
